# distance mod 100 for all reachable points from S
 30 29 28 27 26 25 24 23 22 21 20 19 18 17 16 15 14 13 12 11 10  9  8  7  6  5  4  3  2  1  0 99 98 97 96 95 94 93 92 91 90 89 88 87 86 85 84 83 82 81 80 79 78 77 76 75 74 73 72 71 70 69 68 67 66 65 66 67 68 69 70 71 72 73 74 75 76 77 78 79 80 81 82 83 84 85 86 87 88 89 90 91 92 93 94 95 96 97 98 99  0  1  2  3  4  5  6  7  8  9 10 11 12 13 14 15 16 17 18 19 20 21 22 23 24 25 26 27 28 29 30
 29 28 27 26  # 24 23 22 21  # 19 18  # 16  # 14 13 12 11 10  9  8  7  6  5  #  3  2  #  0 99 98 97 96 95 94 93 92 91 90 89 88 87 86 85 84 83 82  # 80 79  # 77 76  # 74 73 72 71 70 69 68 67 66 65 64 65 66 67 68 69 70 71 72 73 74 75 76 77 78 79 80 81 82 83 84 85 86 87  # 89 90 91 92 93 94 95 96  # 98 99  #  1  2  3  4  5  6  7  #  9  # 13 12 13 14 15 16 17 18 19 20 21 22 23 24 25 26 27  # 29
 28 27 26 25 24 23 22 21 20 19 18 17 16 15 14 13 12 11 10  9  8  7  6  5  4  3  2  1  0 99 98 97 96  # 96  # 92 91 90  # 88  #  # 85 84 83 82 81 80 79 78 77 76 75 74 73 72 71 70  # 68 67 66 65 64 63 64 65 66 67 68 69 70 71 72 73 74 75 76 77 78 79 80 81 82  # 86 85 86 87 88  # 90 91 92  # 96 97 96 97 98  #  0  1  #  3  4  5  6  #  8  9  # 11 12 13 14 15 16 17 18 19 20 21 22 23 24 25  # 27 28
 27 26 25 24 23 22 21 20 19 18 17 16 15 14 13 12 11 10  9  8  7  6  5  4  3  2  1  0 99  # 97  # 95  #  # 92 93  # 89 88 87 86 85 84 83 82 81 80  # 78 77 76 75 74 73 72 71 70 69 68 67 66 65 64 63 62 63 64 65 66 67 68 69  # 71 72 73 74 75  # 77 78 79  # 81 82  # 84 85 86 87 88 89 90 91 92  # 96 95 96  # 98 99  0  1  2  3  #  5  6  7  8  9 10 11 12 13 14 15 16 17 18 19  # 21 22 23  #  # 26 27
 26 25 24 23 22 21 20 19 18 17 16 15  # 13 12 11 10  9  8  7  6  #  #  3  #  1  0 99 98 97 96  # 94 93 92 91  # 89 88 87 86 85 84 83 82 81 80 79 78 77 76 75  # 73 72 71 70 69 68 67 66 65 64 63 62 61 62 63 64 65 66 67 68 69 70 71 72 73 74 75 76 77 78  # 80 81 82 83 84 85  # 87  #  # 90 91 92  # 94 95 96 97 98  #  0  1  2  3  4  5  6  7  #  9 10 11 12 13 14 15  # 19 20 19 20 21 22 23 24 25 26
 25  # 23 22 21 20 19 18 19  # 15 14 13  #  #  #  9  8  7  6  5  4  3  2  1  0 99 98  # 96 95 94  #  # 91 90 89  # 87 86 85 84 83 82 81 80 79 78 77 76 75 74 73 72 71 70 69 68 67 66 65 64 63 62 61 60  # 62 63 64 65 66 67 68 69 70  # 72  # 76 75 76  # 78 79 80 81 82  # 84 85 86 87 88 89 90  # 92 93  #  # 96 97 98 99  0  1  2  3  4  5  6  7  8  # 10 11 12 13 14  # 18  # 18 19 20 21  # 25 26 25
 24 23 22 21 20 19 18 17  # 15 14 13 12 11 10  9  8  7  6  5  4  3  2  1  0 99 98 97 96 95  # 93 92 91 90 89 88 87 86  # 84 85 84 83 82 81 80  # 76 75 74 73 72 71  # 69 68 67 66 65 64 63 62 61  # 59 60 61 62 63 64 65 66 67 68 69 70 71  #  # 74 75 76 77 78 79  # 81 82 83 84 85 86 87 88 89 90 91 92 93 94 95 96 97 98 99  0  1  #  3  4  #  6  7  8  9 10 11 12  # 18 17 16 17 18 19 20  # 26  # 24
 23 22 21 20  # 18 17 16 15 14 13 12 11 10  9  8  7  6  #  4  3  2  1  2  # 98 97 96  # 94 93 92 91 90 89 88 87 86 85  # 83 84 85 84 83  # 81 82  # 74 73 72 71 70 69 68 67 66 65 64 63 62 61 60 59 58 59 60 61 62 63 64 65 66 67 68 69 70 71 72 73 74 75 76 77 78 79 80  #  # 83 84 85 86 87 88 89 90 91 92 93 94 95 96 97 98 99  #  1  2  3  4  5  6  7  8  9 10 11 12  #  # 15 16 17 18 19 20  # 22 23
 22 21 20 19 18 17 16 15 14 13 12 11 10  9  #  7  6  5  4  3  2  1  0  #  # 97 96 95 94 93 92 91 90 89  # 87 86 85 84 83 82 83 84 85 84 83 82  # 74 73 72 71 70 69 68 67 66 65 64 63 62  # 60 59 58 57 58  # 62  # 64 63 64 65 66 67 68 69 70 71 72 73 74  # 76 77 78 79 80 81 82 83 84 85 86 87 88 89  # 93 92 93 94 95  # 99 98 99  0  1  2  3  4  5  6  7  8  9 10 11 12 13 14 15  # 17 18 19 20 21 22
 21 20  #  #  # 16 15 14  # 12 11 10  9  8  7  6  5  4  3  2  1  0 99 98 97 96 95  # 93 94  # 90 89 88  # 86 85 84  # 82 81  # 85 86 85 84  # 74 73 72 71 70 69 68 67 66 65 64 63 62 61 60 59 58 57 56 57 58  # 60  # 62 63 64 65 66 67 68 69 70  # 74 73 74 75 76 77 78 79 80 81 82 83 84  # 86 87 88 89  # 91  # 93 94  #  # 97 98 99  0  1  2  3  4  5  6  7  8  # 10 11 12 13 14 15 16 17 18 19 20 21
 20 19  # 17 16 15  # 13 12 11 10  9  8  7  6  5  4  3  2  1  0  #  # 97 96 95 94  # 92 93  # 89 88 87 86 85 84 83 82 81 80 79  # 87 86  # 74 73 72 71 70 69 68 67 66 65 64 63 62 61 62  # 60  # 56 55 56 57  # 59 60 61 62 63 64 65 66 67 68 69 70  # 72 73 74 75 76 77 78 79 80 81 82 83 84 85 86 87 88 89 90  # 92  # 96 95 96 97  # 99  0  1  2  #  4  5  #  #  8  9 10 11 12 13 14 15 16 17 18 19 20
 19 18 17 16 15 14 13 12 11 10  9  8  #  6  5  #  3  2  1  0 99 98 97 96 95 94 93 92 91  # 89 88 89  # 85 84 83 82 81 80  # 78 77  #  # 74 73  # 71 70 69 68 67 66 65 64 63 62 61 60  #  #  # 56 55 54  # 56 57 58 59  # 61 62 63 64 65 66 67 68 69 70 71  # 75 74  # 76 77 78 79 80 81 82 83 84 85 86 87  # 89 90 91  #  # 94  #  # 97 98  #  0  1  2  3  4  5  6  7  #  9 10 11 12 13 14 15 16 17 18 19
 18 17  # 15  #  #  # 11 10  9  8  7  #  5  4  3  2  1  0 99  #  # 96 95 94 93 92 91 90 89 88 87  #  .  #  # 82 81 80 79 78 77 76 75 74 73 72 71 70 69 68 67 66 65 64 63 62 61  # 59  # 57 56 55  # 53  # 55 56 57 58 59 60 61 62 63 64 65 66 67 68 69 70 71  # 73  # 75 76  # 78 79 80  # 82 83 84 85 86 87 88 89 90 91 92 93 94 95 96 97 98 99  0  1  2  3  #  5  6  7  8  9 10 11 12  # 14 15 16 17 18
 17 16 15 14 13 12 11 10  #  8  7  6  5  4  3  2  1  0 99 98 97  # 95 94 93 92 91 90 89 88 87 86 85  # 83 82  # 80 79 78 77 76 77  # 73 72 71 70 69 68 67 66 65 64 63 62 61 60 59 58 57 56 55 54  # 52 53 54 55 56  # 58 59 60  # 64 63 64 65 66 67 68 69 70 71 72  # 74  # 76 77 78 79 80 81 82 83 84 85 86 87 88 89 90 91 92 93  # 95 96  # 98 99  #  #  2  3  4  5  6  7  8  9 10  # 14 13 14 15 16 17
 16 15 14 13  # 11 10  9  #  7  8  #  4  3  2  1  0 99 98 97 96 95  #  # 92 91 90 89 88  # 86 85 84 83  # 81 80  # 78 77 76 75  # 73 72 73  # 69 68 67 66 65 64 63 62  # 60 59 58 57 56  # 54 53 52 51 52 53  # 55 56 57 58 59 60  # 62 63 64 65 66 67 68 69 70 71  # 73 74 75 76 77 78  # 82 81 82 83 84 85 86 87 88 89 90 91 92 93 94 95 96 97 98 99  0  1  2  3  #  #  6  7  8  9  # 13 12 13 14 15 16
 15 14  # 12  # 10  9  8  #  6  #  #  3  2  1  0 99 98 97 96 95 94 93 92 91 90 89 88 87 86 85 84 83 82 81 80 79 78 77 76  # 74 73 72 71  # 69 68 67 66 65 64 63 62 61 60 59 58 57 56 55 54 53 52 51 50 51 52 53 54 55 56 57 58 59 60 61 62 63 64 65 66 67 68 69 70  # 72 73 74 75 76 77 78  # 80 81  # 83 84 85 86 87 88 89 90  # 92 93 94 95 96 97  # 99  0  1  2  3  #  5  6  7  # 13 12 11 12 13  # 15
 14 13 12 11 10  9  8  7  6  5  4  3  2  1  0 99 98 97 96 95 94 93 92 91 90  # 88 87 86 85 86 85 84  # 80 79 78 77 76 75 74  # 72 71 70 69 68 67 66 65 64 63 62 61 60  # 58 57 56 55 54 53 52 51 50 49 50 51 52  # 56 55 56  # 58 59 60 61 62 63 64 65 66 67 68 69 70 71  # 73 74 75 76  # 78 79 80 81 82 83 84 85 86 87 88 89 90 91 92 93 94 95 96 97 98 99  #  1  2  3  4  5  6  7  # 11 10 11 12 13 14
 13 12 11 10  9  #  #  6  5  4  3  2  1  0 99 98 97 96 95 94 93 92 91 90 89  # 87 86 85 84 85 86  # 80 79 78 77 76 75  # 73  # 71  # 69 68 67 66 65 64 63 62 61 60 59 58 57 56 55 54 53 52 51 50  # 48 49 50 51  #  # 54 55 56 57 58 59 60  # 62 63 64 65 66 67 68 69 70 71 72 73 74 75 76 77 78  # 82 81 82 83 84 85 86 87  # 89 90  #  # 93 94 95 96 97 98 99  0  1  2  3  4  5  6  7  #  9 10 11 12 13
 12  # 10  9  8  7  #  5  4  3  2  1  0  1  # 97 96 95 94 93 92 91 90 89 88 87 86 85 84 83 84 85  # 79 78 77 76 75 74 73 72 71 70 69 68 67 66 65 64 63 62 61  # 59 58 57  # 55 54 53 52 51 50 49 48 47  #  # 50 51 52 53 54 55 56 57  # 59 60 61 62 63 64 65 66 67 68 69 70 71 72 73 74 75  # 77  #  # 80 81 82 83 84 85 86 87 88  # 92 91 92 93 94 95  # 97 98 99  #  1  2  3  #  5  6  7  8  9  # 11 12
 11 10  9  8  7  6  5  4  3  2  1  0 99  0 99 98  # 94 93 92 91 90 89 88 87 86 85 84 83 82  #  # 79 78 77 76  # 74 73 72 71 70 69 68 67 66 65 64 63 62 61 60 59 58 57 56 55 54 53 52  #  # 49 48  # 46 47 48 49 50 51 52 53 54 55 56 57 58 59 60  # 62 63 64 65 66 67 68 69 70 71 72 73  # 75 76 77 78 79 80 81 82  # 84 85 86 87 88  # 90 91  # 93  # 95 96 97 98  #  0  1  #  3  4  5  6  7  8  # 10 11
 10  9  8  7  6  5  #  3  2  1  0 99 98 99  #  # 94 93 92  # 90 89 88 87 86 87  #  # 82 81 80 79 78 77 76 75 74 73 72 71 70 69 68 67 66 65 64 63 62 61 60 61  # 57 56 55 54 53 52 51 50  # 48 47 46 45 46 47 48 49  # 51 52 53 54 55  # 57 58 59 60 61 62 63 64 65 66 67 68  #  # 71 72 73 74  # 76  #  # 81 82 81 82 83 84 85 86  # 90 89 90 91 92 93 94 95 96 97 98 99  0  1  2  3  4  5  6  7  8  9 10
  9  8  7  6  #  4  3  #  1  0 99 98 97  #  .  # 93 92 91 90 89 88 87 86 85  # 83 82 81 80  # 78 77 76 75 74 73  # 71 70 69 68 67 66 65 64 63 62  # 60 59 60 61  # 55 54 53 52  # 50 49  # 47 46 45 44  # 48 47 48 49 50  # 54 53 54  # 56 57 58 59  # 61 62 63 64 65 66 67 68 69 70 71  #  #  # 75 76 77  #  # 80 81 82 83 84 85  #  # 88 89 90 91 92 93  #  # 98 97 98 99  0  1  2  #  4  5  6  7  8  9
  8  #  6  5  4  3  2  1  0  1  # 97 96 95  # 93 92 91 90 89 88 87 86  # 84 83 82 81 80 79 78 77 76 75 74 73 72  # 70 69 68 67 66 65 64 63 62 61  # 59 58 59  # 57 56  # 52 51 50 49 48 49 48  # 44 43 44  # 46 47 48 49  # 53 52 53 54 55 56 57 58 59 60 61 62 63 64 65 66 67 68 69 70 71 72 73 74 75 76 77  # 79  # 81 82  # 84 85 86 87  # 89 90 91  # 95 94  # 96 97 98 99  0  1  #  3  4  #  6  7  8
  7  6  5  6  #  #  #  0 99  # 97 96 95 94  # 92  # 90 89 88 87 86 85 84 83 82 81 80 79 78 77 76 75 74 73  # 71 70 69 68 67 66 65 64 63 62 61 60 59 58 57  # 55  #  # 52 51 50 49 48 47  #  # 44 43 42 43 44 45 46 47 48 49  # 51 52 53 54 55 56 57 58 59 60  # 62 63 64 65 66 67 68 69 70 71  # 73 74 75 76  # 78 79 80  # 84 83 84 85 86 87 88  # 90 91  # 93 94 95 96 97 98 99  0  1  2  3  4  5  #  7
  6  5  4  #  #  3  # 99 98 97 96 95 94 93 92 91 90 89 88 87 86 85 84 83  # 81 80 79 78 77 76  # 74  # 72 71 70 69 68 67 66 65 64 63 62  # 60 59  # 57 56 55 54 53 52 53  # 49  # 47 46 45  # 43 42 41 42 43 44  # 46 47  # 49 50 51 52 53 54 55 56 57 58  #  # 61 62 63 64 65 66 67 68 69 70 71 72 73 74 75 76 77  # 81 80  # 82  # 84 85  # 87 88 89 90 91 92 93 94 95 96 97 98  #  2  1  #  3  4  5  6
  5  4  3  2  1  2  # 98 97 96 95 94 93 92  # 90 89 88 87 86 85 84 83 82 81 82  # 78 77  # 75 74 73  # 71 70 69 68 67 66 65 64 63 62 61 60 59 58 57 56  # 54 53 52 51  # 49 48 47  # 45 44 43 42 41 40 41 42 43 44 45  # 47 48 49 50 51 52 53 54 55 56 57 58 59 60 61 62 63 64 65 66 67 68 69 70 71 72 73 74 75 76 77  # 79 80 81  # 83 84 85 86  # 88 89 90 91 92 93 94  # 96 97 98  #  0  1  2  3  #  5
  4  3  2  #  0  # 98  # 96 95 94 93 92 91 90 89 90  #  # 85 84 83 82 81 80  # 78 77 76 75  # 73 72 71 70  # 68 67 66 65 64 63 62 61 60 59  # 57 56 55  # 53  #  # 50  #  # 47 46 45 44 43 42 41  # 39 40  #  # 45 46 47 46 47 48 49 50 51 52 53 54 55 56 57 58 59 60 61 62 63 64 65 66 67 68 69 70 71 72  # 74 75 76 77 78 79  # 81 82 83 84 85 86 87 88 89  #  #  # 95 94 95 96 97  # 99  0  1  2  3  4
  3  2  1  # 99 98 97 96 95  #  # 92  #  # 89 88  # 86  # 84 83 82 81 80 79 78 77 76 75 74 73  #  # 70 69 68 67 66 65 64 63 62 61 60 59 58 57 56 55 54 53 52 51 50 49 48 47 46 45 44 43 42 41 40 39 38 39 40 41  # 47  # 45 46 47 48 49 50 51 52 53 54 55 56 57 58 59 60 61 62 63 64 65 66 67 68 69 70 71 72 73 74 75 76 77  # 79 80 81 82 83 84 85 86 87 88 89 90 91  # 93 94 95 96  # 98 99  0  1  2  3
  2  1  0 99 98 97 96 95 94 93 92 91  # 89 88 87 86 85 84 83 82 81 80 79 78  # 76 75  # 73 72 71 70 69 68 67 66 65 64 63 62 63  # 59 58 57 56 55 54 53 52  # 50 49 48 47 46 45 44  # 42 41 40 39 38 37 38  #  #  .  # 43 44  # 46 47 48 49 50  # 52 53 54 55 56 57  # 61 60 61 62 63 64 65 66 67 68 69 70 71 72 73 74 75 76 77 78 79 80 81  # 85 84 85 86 87 88 89  # 91 92 93 94 95 96 97 98 99  0  1  2
  1  0 99 98  # 96 95 94 93 92 91 90 89 88  # 86 85 84 83 82  # 80 79 78 77 76 75 74 73 72 71 70 69 68 67 66 65 64 63 62 61  #  # 58 57 56 55 54 53 52 51 50 49 48 47 46 45 44 43 42 41 40 39 38 37 36 37 38 39  # 41 42 43 44 45 46 47 48 49 50 51  # 53 54 55 56 57  # 59  # 61 62 63 64 65 66 67 68 69 70  # 72 73 74 75 76 77 78 79  # 81  # 83 84 85 86 87 88 89 90 91 92 93 94 95 96 97 98 99  0  1
  0 99 98 97 96  #  # 93 92 91 90  # 88 87  #  # 84 83 82 81 82  # 78 77 76 75 74 73 72 71 70 69 68 67 66 65 64 63 62 61 60 59 58 57 56 55  # 53 52  # 50 49 48 49  # 45 44 43 42 41 40 39 38 37 36 35 36 37 38 39 40  # 42  #  # 45  # 47 48 49 50 51 52 53 54 55  # 57 58 59 60 61 62 63 64 65 66 67 68 69 70 71 72  # 74 75 76 77 78 79 80 81 82 83 84 85 86 87 88 89 90 91 92 93 94 95 96 97 98 99  0
 99 98 97 96 95 94 93 92 91 90 89 88 87 86 85 84  # 82 81 80  # 78 77 76 75 74 73 72  #  # 69 68 67 66 65 64 63 62 61 60 59 58 57 56 55 54 53 52 51 50 49 48 47  #  .  # 43 42 41 40 39 38 37 36 35 34 35 36 37 38  # 40 41 42 43 44 45 46 47  # 49 50 51  # 53 54 55 56 57 58 59 60 61 62 63 64 65 66 67 68 69 70 71 72 73 74 75 76 77 78 79 80 81 82 83 84 85 86 87 88 89 90 91  #  # 96 97 98 97 98 99
 98  # 96 95 94  # 92 91  #  # 88 87 86 85  # 83 82 81 80 79  # 77  # 75 74 73 72 71 70  # 68 67 66 65 64 63 62 63  #  #  # 57 56 55 54 53 52 51 50 49  #  # 46 45  # 43 42 41 40 39 38 37 36  # 34 33 34 35 36 37  # 39 40 41 42 43  # 45 46 47 48 49 50 51 52 53 54 55 56 57 58 59 60 61 62 63 64 65 66 67 68  # 72  #  # 73 74  # 76 77 78 79 80 81  # 85 84 85 86 87 88 89 90 91 92  # 98 97 96 97 98
 97 96 95 94 93 92  # 90  # 88 87 86 85 84 83 82 81 80 79 78 77 76 75 74 73  # 71 70 69 68 67 66 65 64 63 62 61  # 59 58 57 56 55 54  # 52 53  #  # 48 47 46 45 44 43 42 41 40 41  # 37 36 35 34 33 32 33 34 35 36 37 38 39 40 41 42 43 44 45 46 47 48 49  # 53 54 55 54 55 56 57 58 59 60 61 62 63 64 65 66 67 68  #  # 71 72 73 74 75 76 77 78 79 80 81  # 83 84 85 86 87 88 89 90 91  #  #  # 95 96 97
 96 95 96  #  # 91 90 89 88 87 86 85 84 83 82 81 80 79  #  # 76 75 74 73 72 71 72  # 68 67 66 65 64 63 62 61 60 59 58 57 56 55 54 53 52 51  # 49 48 47 46  # 46  # 42 41  # 39  #  .  # 35 34 33 32 31 32 33 34 35 36 37 38 39 40 41 42 43 44  # 46  # 48 49  #  #  # 53  # 57 56  #  # 59 60 61 62 63 64 65 66 67 68 69 70 71 72 73 74 75 76  # 78 79  #  # 82 83 84 85 86  # 88 89 90 91 92 93 94 95 96
 95 94  # 92 91  # 89  # 87 86 85 84  # 82  # 80  # 78  # 76  # 74 73 72 71 70  # 68 67 66 65 64 63 62  # 60 59  # 57 56  # 54  #  # 51 50 49  # 47 46 45 46  # 42 41 40 39 38  #  # 35  # 33  # 31 30  # 32 33  # 35 36 37 38  # 40 41 42 43 44 45 46 47 48 49 50  # 52  #  # 55 56 57 58 59 60 61 62 63 64 65 66 67 68 69 70 71 72  # 74 75 76 77 78 79  # 81 82 83  # 85 86 87 88 89 90 91  # 95 94 95
 94 93 92 91 90  # 88 87 86 85 84 83 82 81 80 79 78 77 76 75 74 73  # 71 70 69 68 67 66 65 64 63 62 61 60 59 58 57 56 55 54 53  # 51 50 49 48 47  # 45 44  # 42 41  # 39 38 37  # 35 34 33 32 31  # 29 30 31 32 33 34 35 36 37 38 39 40 41 42 43 44 45 46  # 50 49 50 51 52 53 54 55 56 57 58 59 60 61 62 63 64 65 66 67 68 69  # 73 72 73 74 75 76 77 78 79 80 81 82 83 84 85  # 89 88 89 90 91  # 93 94
 93  # 91 90 89 88 87 86 85 84 83 82 81 80 79 78  # 76  # 74 73 72 71 70 69 68 67 66 65 64 63 62 61  # 59 58 57 56 55 54 53 52 51 50 49 48 47 46  # 44 43 42 41 40 39 38  # 36 35 34  # 32 31 30 29 28 29 30  # 32 33 34 35 36 37 38 39 40 41 42 43 44 45 46  # 48  # 52 53 52 53 54 55 56 57 58 59 60 61 62 63 64 65 66 67 68 69  # 71 72 73 74 75 76 77 78 79 80  # 82 83 84 85  # 87 88 89  # 91 92 93
 92 91 90 89 88 87 86 85 84  #  # 81  #  # 78 77 76 75 74 73 72  # 70 69 68 67 66 65 64 63 62 61 60 61 60  #  #  # 54 53 52 51 50 49 48 47 46 45 44 43 42 41 40 41  # 37 36 35  # 33 32  # 30  # 28 27 28 29  # 31  # 33 34  # 36 37 38 39 40 41 42 43 44 45  # 47  # 53  # 51 52 53 54  # 56 57 58  # 60 61 62 63 64 65 66 67 68 69 70 71  # 73 74 75 76 77 78 79 80 81 82 83 84 85 86 87 88 89 90 91 92
 91 90 89 88 87 86 85 84 83 82 81 80 79 78 77 76 75 74 73  # 71 72  # 68 67 66 65 64 63 62  # 60 59  #  # 56 55 54 53  # 51 50 49 48 47 46 45 44  # 42 41 40 39  # 37 36  # 34 33 32 31 30 29 28 27 26  # 28 29 30 31 32 33 34 35 36 37  # 39 40  # 42 43 44 45 46  # 54  # 50 51 52 53 54 55 56 57 58 59 60 61 62 63 64 65 66 67 68 69 70 71 72 73 74 75 76 77 78 79 80 81  #  #  # 85 86 87 88  #  # 91
 90 89 88 87 86 85 84 83 82 81 80 79 78 77 76 75 74 73 72 71 70  # 68 67 66 65 64 63 62 61 60 59 58 57 56 55  #  # 52 51  # 49 48  # 46 45 44 43 42 41 40 39 38 37 36 35 34 33 32 31 30 29  # 27 26 25 26 27 28 29 30 31 32 33 34 35 36  # 38 39 40 41 42 43 44 45 46  # 50 49 50 51 52  # 54  # 58 59 58 59 60 61 62 63 64 65 66 67 68 69  #  # 72 73 74 75 76 77 78  # 80 81 82 83 84 85 86 87 88 89 90
 89 90  # 86 85 84 83 82 81 80  # 78  #  # 75 74 73 72 71 70 69 68 67 66 65 64 63 62 61 60  # 58 57 56 55 54 53  # 51 50 49 48 47  # 45 44 43 42 41 40 41  # 37 36 35 34 33 32 31 30 29 28 27 26 25 24  # 26 27 28 29 30 31 32 33 34  # 36 37 38 39 40 41 42 43 44 45 46  # 48 49 50 51 52 53 54  # 58 57 58 59 60 61 62 63 64 65 66 67 68 69 70 71 72 73 74 75 76 77 78 79  # 81  # 83 84 85 86 87  # 89
 88  # 86 85 84 83 82 81 80 79 78 77 76 75 74 73  # 71 70 69 68 67 66 65 64 63 62 61 60 59 58 57 56 55 54 53 52 51 50 49 48 47 46 45  # 43 42 41  # 39  #  # 36 35 34 33 32 31 30 29 28 27 26  # 24 23 24 25 26 27 28  #  # 33 32 33 34 35 36 37 38  # 40 41 42 43 44 45 46 47  # 49 50 51 52 53 54  # 56 57  # 59  # 61 62 63 64 65 66 67 68 69 70  # 72 73 74 75 76 77 78 79 80 81 82 83  # 85 86 87 88
 87 86 85  # 83  # 81 80  # 78  # 76  # 74 73 72 71 70 69 68 67 66 65 64 63 62 61 60 59 58 57  # 55 54 53 52  # 50 49 48  # 46 45 44 43 42 41 40 39 38 37 36 35 34 33 32 31  # 29  # 27  # 25  # 23 22 23 24 25 26 27  # 33 32 31 32 33 34 35 36 37 38 39 40 41 42 43 44 45 46 47 48 49  # 51 52 53 54 55 56 57 58 59 60 61 62 63 64 65 66 67 68 69 70 71 72 73 74  # 76 77 78 79 80 81 82 83 84 85 86 87
 86 85 84 83 82 81 80 79 78 77 76 75 74 73 72 71 70 69 68 67 66 65 64 63 62 61 60 59 58 57 56  # 54 53 52 51 50 49 48 47 46  # 44 43 42 41 40 39 38 37 36 35  # 33 32 31 30 29 28 27 26 25 24 23 22 21 22 23 24 25 26 27  #  # 30 31  # 33 34  # 36 37 38 39  # 41  #  # 44 45 46 47 48 49 50  # 54 53 54  #  # 57 58 59  # 61 62 63 64 65 66 67 68 69 70 71 72 73  # 75 76 77 78 79 80 81 82  # 84 85 86
 85 84 83 82  # 80 79 78 77 76 75 74  #  # 71 70 69 68 67 66 65 64 63 62 61 60 59 58 57 56 55 56  # 52 51 50  #  # 47 46 45 44  # 42 41 40 39 38 37 36  # 34 33 32  # 30 29  # 27 26  # 24 23 22 21 20 21  # 23  # 25 26 27 28 29 30  # 32 33 34 35 36 37 38 39 40 41 42 43 44 45 46 47 48 49 50  # 52 53 54 55 56 57 58 59 60 61 62 63 64 65 66 67 68 69 70 71 72 73 74 75 76 77 78 79 80 81  # 83 84 85
 84 83 82 81 80 79 78 77 76 77  # 73 72 71  # 69 68 67 66 65 64 63 62 61 60 59 58 57  # 55 54  #  # 51 50 49 48 47 46 45 44 43  # 41 40 39 38 37 36 35 34 33 32 31 30 29 28 27 26 25 24 23 22 21 20 19 20 21 22 23 24  # 28 27  #  # 30 31 32 33 34 35  #  #  # 39 40 41 42 43 44  # 48 49 48 49 50 51 52 53  # 55 56 57  # 59 60 61 62 63 64 65 66 67 68 69 70 71 72  #  # 75  # 79 78 79 80 81 82 83 84
 83 84 83  # 79 78 77 76 75  # 73 72 71 70 69 68 67 66 65 64 63 62 61  # 59  # 57 56 55 54 53 52  # 50 49 48 47 46 45 44 43 42 41 40 39 40  # 36  # 34 33 32 31 30 29 28  #  # 25 24 23 22 21 20 19 18  # 20 21 22 23  #  # 26 27 28 29 30 31 32 33 34 35 36 37 38 39 40 41 42 43 44  # 48 47 48 49 50 51 52 53 54  # 56 57 58 59 60 61 62 63 64 65 66 67 68  #  # 73 72 73 74  #  # 77 78 79 80 81 82 83
 82  #  # 79 78 77 76 75 74 73 72  # 70 69 68 67 66 65 64 63 62 61 60  # 58 57 56 55 54 53 52 51 50 49  # 47 46 45 44 43 42 41 40 39 38  #  # 35 34 33 32 31 30 29 28 27 26 25 24 23 22 21  # 19 18 17 18 19 20 21 22 23 24 25 26  # 28 29  # 31 32  # 34 35 36 37 38 39 40 41  # 43 44  # 46 47 48 49 50 51 52  # 54 55  # 57 58 59 60 61 62 63 64 65 66 67 68 69  # 71 72 73 74 75 76 77 78 79 80 81 82
 81 80 79 78 77 76 75 74 73 72 71 70 69 68 67 66 65 64 63 62 61 60 59 58 57 56  # 54 53 52 51  # 49 48 47 46 45 44  # 42 41 40 39 38 37 36  # 34 33  # 31 30 29 28 27  # 27  # 25  # 21 20 19 18 17 16 17 18  # 20 21 22 23 24 25 26 27 28 29 30 31 32 33 34 35  #  # 38 39 40 41 42 43  # 45  # 47  # 49 50  #  # 53 54 55 56 57 58 59 60 61 62 63 64 65 66 67 68 69 70  # 72 73 74 75 76 77  # 79 80 81
 80  # 78  #  #  # 76  # 72 71 70 69 68 67 66 65 64 63 62 61 60 59 58 57  # 55 54  # 52 51 50 49 48 47 46 45 44 43 42 41 40 39  #  # 36 35 34  # 32 31 30 29 28 27 26 25  #  .  # 21 20 19 18 17 16 15 16 17  # 19 20 21 22  #  # 25 26 27 28 29 30 31 32  # 34 35 36 37 38 39 40 41 42 43 44 45 46 47 48 49 50 51 52 53 54 55 56 57 58 59 60 61 62 63 64 65 66 67 68  #  # 71 72 73 74 75 76 77 78 79 80
 79 78 77 76  # 74  # 72 71 70 69 68 67 66 65 64 63 62  # 60 59 58 57 56 55 54 53 52 51 50 49 48 47 46 45 44  # 42 41  # 39 38 37 36 35 34 33 32 31 30 29 28 27 26 25 24 23  # 21 20 19 18 17  #  # 14 15 16 17 18 19 20 21  #  # 24 25 26 27 28 29 30 31 32 33 34 35 36 37 38 39 40 41 42 43 44 45 46 47 48 49  #  # 52 53 54 55 56  # 58 59 60 61 62 63 64 65 66 67 68 69 70 71 72 73 74 75 76 77 78 79
 78 77 76 75 74 73 72 71 70 69 68 67 66 65 64 63 62 61 60  # 58 57 56 55 54 53 52  #  #  # 48 47 46 45 44 43 42 41 40 39 38 37 36 35 34 33 32 31 30 29 28  # 26 25 24 23 22 21  # 19 18 17 16 15 14 13  # 15 16 17  #  # 20 21 22 23 24 25 26 27 28 29  # 31 32 33 34 35 36 37 38 39 40 41  # 43 44 45 46 47 48 49 50 51  # 53 54 55  # 57  # 59  # 61 62 63 64 65 66 67 68 69 70 71 72 73 74 75 76 77 78
 77 76 75 74 73 72 71 70 69 68 67 66 65 64 63 62 61 60 59 60 59  # 55 54  # 52 51 50 49 48  # 46 45 44 43 42 41 40 39 38 37 36 35 34 33 32 31 30 29 28 27 26 25 24 23  # 21 20 19 18 17 16 15 14 13 12 13 14 15  # 17 18 19 20 21 22 23 24 25 26 27 28 29 30 31 32 33 34 35  # 39 40 41 42 43 42 43 44  #  #  # 48  #  # 51 52 53 54 55 56 57 58 59 60 61 62 63 64 65 66 67 68 69 70 71 72 73 74  # 76 77
 76 75 74 73 72 71  # 69 68 67 66 65 64 63 62 61 60 59 58 59  # 55 54 53 52 51 50 49 48 47 46 45 44 43 42 41 40 39 38  #  #  # 34 33 32  #  # 29 28 27 26 25 24 23 22 21 20 21  # 17 16 15  # 13 12 11 12 13 14 15 16 17 18  # 20 21 22 23 24 25 26 27 28 29 30 31 32 33 34 35  #  # 42 43 42 41 42 43 44 45 46 47 48 49 50 51  #  # 54 55 56 57 58 59 60 61 62 63 64 65 66 67 68 69  #  # 72 73 74 75 76
 75 74 73 72 71 70 69 68 67 66 65 64 63 62 61 60 59 58 57  # 55 54 53 52 51 50 49  # 47 46 45 44 43 42 41 40 39 38 37 36 35 34 33 32 31  # 29  # 27 26 25  # 23 22 21 20 19  # 17  # 15 14 13  # 11 10 11 12 13  # 17  # 17 18 19 20  # 24 23 24 25 26 27  # 31 32 31 32 33  # 35 36  # 42 41 40  # 42 43  # 45 46 47  # 49  #  # 52 53 54  # 56 57 58 59 60 61 62 63 64 65 66 67 68 69 70 71  # 73  # 75
 74  #  # 71 70 69 68 67 66 65 64 63 62 61 60 59 58  # 56 55  # 53 52 51  # 49 48 47 46 45 44 43 42 41 40 39 38 37 36 35 34 33 32 31 30 29 28 27 26 25 24 23 22 21 20 19 18 17 16 15 14  # 12 11 10  9 10 11 12 13  # 15 16 17 18  # 20  # 22  # 26 25 26  # 32 31 30  # 34 33 34 35 36  # 40 39 40 41 42 43 44 45 46 47 48 49 50 51 52 53 54 55 56 57 58 59 60 61 62 63 64 65 66 67 68 69  # 73 72  # 74
 73 72 71  # 69 68 67 66 65 64 63 62 61 60 59 58 57 56 55 54 55  # 51 50 49 48 47 46  # 44 45  # 41 40 39  # 37 36 35  #  #  # 33  # 29 30  #  # 25 24 23 22 21 20 19 18 17 16 15 14 13 12 11 10  9  8  9 10  # 12 13 14 15 16 17 18 19 20 21 22  # 24 25  #  #  # 29 30  # 32  # 34 35 36  # 38 39 40 41 42  # 44  #  # 49  # 49 50 51 52 53 54 55 56 57 58 59 60 61 62 63 64 65 66 67 68 69  # 71 72 73
 72 71 70 69 68 67 66 65 64 63 62 61 60 59 58 57 56 55  # 53  # 51 50 49 48 47 46 45 44 43 44  #  #  # 38 37 36 35 34 33 32 33  # 29 28  #  .  # 24 23 22 21 20 19 18 17 16 15 14 13 12 11 10  9  8  7  8  9 10 11 12 13 14 15 16 17 18 19 20 21 22 23 24 25 26 27 28 29 30 31 32 33 34 35 36 37 38 39 40 41 42 43 44 45  # 47 48 49 50 51 52 53  # 55  # 57 58  #  # 61 62 63 64 65 66 67 68  # 70  # 72
 71 70 69 68 67 66 65 64 63 62 61 60 59 58 57 56 55 54 53 52 51 50 49  # 47 46 45 44 43 42  # 40 39  # 39  # 35 34 33 32 31 32  # 28 27 28  # 24 23 22 21 20 19 18 17 16  # 14 13 12 11  #  9  8  #  6  7  8  # 10 11  # 13 14 15 16 17 18 19 20  # 22 23 24  # 26 27  # 29 30 31 32 33 34 35 36 37 38 39  # 41 42 43 44 45 46 47 48 49 50 51 52 53 54 55 56 57 58 59 60 61 62 63 64 65 66 67 68 69 70 71
 70 69 68 67 66 65 64 63 62 61 60 59 58 57 56  # 54 53 52 51 50 49 48 47 46 45 44 43 42 41 40  # 38 37  # 35 34  # 32 31 30 31  # 27 26  #  # 23 22 21 20 21  # 17 16 15 14 13 12 11 10  #  8  7  #  5  6  7  8  9 10 11 12 13 14 15 16 17 18 19 20 21 22 23  # 25  # 27 28 29 30 31 32 33 34 35  # 39 40 39 40 41 42 43 44 45 46 47  # 51 52 51 52 53  # 55 56 57  # 59 60 61 62 63 64 65 66 67 68  # 70
 69 68 67 66 65 64 63 62 61 60 59 58 57 56 55 54 53 52 51 50 49  # 47 46 45 44 43 42 41 40 39 38 37 36 35 34 33 32 31 30 29  # 27 26 25 24 23  # 21 20 19  # 17 16 15 14  # 12 11 10  9  8  7  6  5  4  5  6  #  8  9 10 11 12 13 14 15 16 17 18 19 20 21 22 23 24 25 26  #  # 29 30 31 32 33 34 35  #  # 38 39 40 41  # 45 46 45 46 47  #  # 50 51 52  # 54 55 56 57 58 59 60 61 62 63 64 65 66 67 68 69
 68 67 66 65 64 63 62 61 60 59 58 57 56 55  #  # 54 53 52  # 48 47  # 45 44 43  # 41 40 39 38  # 36 35  # 33 32 31 30 29 28  # 26 25 24 23 22 21 20  # 18 17 16 15 14 13  # 11 10  #  8  7  6  5  4  3  4  5  6  7  8  9 10 11 12 13 14 15 16 17 18 19 20 21 22 23 24 25 26 27 28 29 30  # 32 33  # 35 36 37  # 39 40 41  #  # 44 45 46 47 48 49 50 51 52 53  # 57 58 57 58 59 60  # 62 63 64 65 66 67 68
 67 66 65 64 63 62 61 60 59 58 57 56 55 54 53 52  #  #  # 48 47 46 45 44 43 42 41 40 39 38 37 36 35 34 33 32 31 30  # 28 27  # 25 24 23 22 21 20 19 18 17 16 15  # 13 12 11 10  9  8  #  6  #  4  #  2  3  4  5  6  #  8  9 10 11 12 13 14 15 16 17 18  # 20  # 22  # 24 25 26 27  # 29 30 31 32 33 34 35 36 37 38 39 40 41 42 43  # 45 46 47 48 49 50 51 52 53  #  # 56 57 58 59 60 61 62 63 64 65 66 67
 66 65 64 63 62  # 60 59 58 57 56 55 54 53 52 51 50 49  # 47 46 45 44 43 42 41  # 39 38 37 36 35 34 33  # 31 30 29 28 27 26  # 24 23 22 21 20 19 18 17 16 15 14 13 12 11  #  9  8  7  6  5  4  3  2  1  2  3  4  5  6  7  #  9  # 11 12 13 14 15 16 17 18 19 20 21 22 23 24  # 26 27 28 29 30 31 32 33 34 35  #  # 38 39 40 41  # 43 44 45  #  # 48 49 50 51 52 53  # 55 56 57 58  #  # 61 62 63 64 65 66
 65 64 63 62 61 60 59 58 57 56 55 54 53 52 51 50 49 48 47 46 45 44 43 42 41 40 39 38 37 36 35 34 33 32 31 30 29 28 27 26 25 24 23 22 21 20 19 18 17 16 15 14 13 12 11 10  9  8  7  6  5  4  3  2  1  S  1  2  3  4  5  6  7  8  9 10 11 12 13 14 15 16 17 18 19 20 21 22 23 24 25 26 27 28 29 30 31 32 33 34 35 36 37 38 39 40 41 42 43 44 45 46 47 48 49 50 51 52 53 54 55 56 57 58 59 60 61 62 63 64 65
 66 65 64 63 62 61 60 59 58  # 56 55 54 53 52 51 50  # 48 47 46 45 44 43  # 41 40  #  # 37 36 35 34 33 32 31 30 29 28 27 26 25 24 23 22  # 20 19 18 17 16 15  # 13 12 11 10  9  8  7  6  5  4  3  2  1  #  3  #  #  #  7  8  9 10 11 12 13 14 15 16 17 18 19  # 21 22  # 24 25 26  # 28 29 30 31 32 33  # 35 36 37 38 39 40 41 42 43 44 45  # 47 48 49 50 51 52  # 54 55 56 57  #  # 60 61 62 63 64 65 66
 67 66 65 64 63 62 61 60 59 60  # 56 55 54 53 52 51  #  # 48  # 46 45 44 43 42 41  # 39 38 37  # 35 34 33 32 31 30 29 28  # 26 25 24 23 22 21 20 19 18 17 16  # 14 13 12 11 10  9  8  7  6  5  4  3  2  3  # 19 18 19  #  # 10 11  # 13 14 15 16 17 18 19 20 21  #  # 26 25 26 27 28 29 30 31 32  # 34 35 36 37  # 39 40 41  # 43 44 45 46 47 48 49 50 51 52 53 54 55 56 57 58 59 60 61 62 63 64 65 66 67
 68 67 66 65 64 63 62 61 60 59 58 57 56 55 54 53 52 51 50 49 48 47  # 45 44 43 42  # 40 39 38 37 36 35  # 33 32  # 30 29 28 27 26  # 24 23  # 21 20 19 18 17 16 15 14 13 12 11  #  9  8  7  6  #  4  3  # 19 18 17  # 13 12 11 12 13 14 15 16  # 18  # 20 21 22 23 24 25 26 27 28 29 30  #  #  # 36 35 36 37 38 39 40 41 42  # 44 45  # 47  #  # 50 51  # 53 54  # 56 57 58 59 60 61 62 63 64 65 66 67 68
 69 68 67 66 65 64 63 62  # 60  # 58 57 56 55 54 53 52 51 50 49 48 47 46 45  # 43  # 41 40 39 38 37 36 35 34 33  # 31 30 29 28 27  #  # 24 25  # 21 20 19 18 17 16 15  # 13 12 11 10  9  8  7  6  5  4  5  # 17 16 15 14 13 12 13 14 15 16 17 18  # 22 21 22 23 24  # 26 27 28 29 30 31  # 37  # 37 36 37 38 39 40 41  # 43 44 45 46  # 48 49 50 51 52 53 54  #  #  # 58 59 60 61 62 63 64 65 66 67 68 69
 70 69 68 67 66 65 64 63 62 61 60 59 58  # 56 55 54 53 52 51  # 49 48 47  #  # 44 45  # 41 40 39 38 37 36 35 34 33 32 31  # 29 28 27 26 25 24 23 22 21 20 19 18 17 16 15 14 13 12 11 10  9  8  7  6  5  6  7  # 17  # 15 14 13  # 15 16  # 18 19 20 21  #  # 24 25 26 27 28 29 30 31 32  # 36  # 38  # 38 39 40 41 42 43 44 45 46 47 48 49 50  # 52 53 54 55 56 57 58 59  # 61 62 63 64 65 66 67 68  # 70
 71 70  # 68 67 66 65 64 63 62  # 60 59  # 57 56  # 54 53  # 51 50 49 48 47 46 45 44 43 42 41 40 39 38 37  # 35  # 33 32  # 30  # 28 27 26 25 24 23 22 21  # 19 18 17  # 15 14 13 12 11 10  9  8  7  6  7  # 17 16 17  # 15  # 17 16 17  # 19 20 21 22 23 24 25 26 27 28 29 30 31 32 33 34 35 36 37 38 39 40 41 42  # 44 45 46 47 48  # 50 51 52 53 54 55 56  # 58  # 60 61 62 63 64 65 66 67 68 69 70 71
 72 71 70 69 68 67 66 65 64 63 62 61 60 59 58 57 56 55 54 53 52 51 50 49 48 47 46 45 44 43 42 41 40 39 38 37 36  # 34 33  # 31 30 29  # 27 26 25 24  # 22 23  # 19 18 17 16  # 14 13 12 11 10  #  8  7  #  .  # 15 16 17  # 19 18 17 18 19 20 21 22 23 24 25 26 27 28 29 30 31  # 33 34 35  # 37  # 39 40  # 42  # 46 45 46 47 48  #  # 51 52 53 54 55 56 57 58 59 60 61 62 63 64 65 66 67 68 69 70  # 72
 73  # 71 70 69 68 67 66 65 64 63 62 61 60 59 58 57 56 55 54 53 52 51 50 49 48 47 46 45 44 43 42 41 40 39  # 37 36 35  # 33 32 31  # 29 28 27 26 25  # 23  #  # 20 19 18 17 16 15 14 13 12 11 10  9  8  9  #  # 14 15 16 17 18 19 18 19 20  # 22 23 24 25 26 27 28 29  # 31 32 33 34 35 36 37 38 39 40 41  #  # 46 47 46 47 48 49  # 53 52  # 54 55 56 57 58 59 60 61 62 63 64 65 66 67 68 69 70 71  # 73
 74 73 72 71 70  # 68 67 66 65 64 63 62 61  # 59 58 57 56 55 54 53 52 51 50 49 48 47 46 45 44  # 42 41 40 39 38 37  # 37  # 33 32 31 30 29 28 27 26 25 24 23 22 21 20 19 18 17 16 15 14 13 12 11  #  9 10 11 12 13  # 17 18 19 20 19 20 21 22 23  # 25 26 27 28 29 30  # 32 33 34 35 36 37 38  # 40 41 42 43 44 45 46 47 48 49 50 51 52 53 54 55  # 57 58 59 60 61 62 63 64 65 66 67 68  #  # 71  # 75 74
 75 74 73  # 71 70 69 68 67 66 65 64 63 62 61 60 59 58 57 56 55 54 53 52 51  # 49  # 47 46 45 44 43  # 41 40  # 38 37 36 35 34 33 32 31  # 29 28  # 26 25  # 23 22 21  #  # 18 17 16 15  # 13 12 11 10 11 12 13 14 15 16 17 18 19 20  #  # 23 24 25 26 27 28 29  #  # 34 33 34 35 36 37 38 39  # 41 42 43 44 45 46  # 48 49 50  #  #  # 54 55 56 57 58 59 60 61 62 63 64 65 66 67 68 69 70  # 72 73  # 75
 76 75 74 73 72 71  # 69 68 67 66 65 64 63 62 61 60 59  # 57 56 55 54 53 52 53  # 49 48 47 46 45 44 43 42 41 40 39 38 37 36 35 34 33 32 31 30 29 28 27  # 25 24 23 22  # 20 19 18 17  # 15 14 13 12 11  # 13 14  #  # 17 18 19 20  # 24 25 24  #  # 27 28 29 30 31 32  # 34 35 36 37 38 39 40 41 42  # 44 45 46 47 48 49 50 51 52  # 56  # 56  # 58 59 60  # 62 63 64 65 66 67 68 69 70  # 74 73 74  # 76
 77 76 75 74 73 72 71 70 69 68 67 66 65 64 63 62 61 60  #  # 57 56 55 54 53 52 51 50  # 48 47 46 45  # 43  # 41  # 39 38 37 36 35 34  # 32 31 30 29  # 27 26  # 24  # 22 21 20 19 18  # 16 15 14 13 12 13  # 15 16 17 18 19 20 21 22 23 24 25 26 27 28 29 30 31 32 33 34 35 36 37 38  # 40 41 42 43  #  # 46 47 48 49 50 51 52 53 54 55 56 57 58 59 60 61 62 63 64 65 66 67 68 69 70 71  # 75 74 75 76 77
 78 77 76 75 74  # 72 71  # 69 68 67 66 65 64 63 62 61 60 59 58 57 56  # 54 53  #  # 50 49 48 47 46 45 44 43 42  #  # 39 38 37 36 35  # 33 32 31 30 29 28 27 26 25 24 23 22 21 20 19 20  # 16  #  # 13 14 15 16 17 18  # 20 21 22 23 24  # 26 27 28 29 30 31 32 33 34 35 36 37 38 39 40  # 42 43  # 47  #  # 48 49 50 51 52 53  # 55 56 57  # 59  # 61 62 63 64 65 66 67 68 69 70 71 72 73 74 75 76 77 78
 79 78 77  # 75 74 73 72 71 70 69 68 67 66 65 64 63 62 61 60  # 58 57 56 55 54 53 52 51 50  #  # 47 46 45 44 43 44  # 40  # 38 37 36  # 34 33 32 31 30  # 28 27 26 25  # 23 22 21  # 19 18 17 18  # 14 15 16 17 18 19 20 21 22 23 24 25 26  # 28 29  # 31 32 33 34 35 36 37 38 39 40 41 42 43 44 45 46 47 48 49 50 51 52 53 54 55 56 57 58 59  # 63 62 63 64 65 66 67 68  # 70 71 72 73 74 75 76 77 78 79
 80  #  #  # 76 75  # 73 72 71 70 69 68 67 66 65 64 63 62 61  # 59 58 57 56 55 54 53  #  # 50 49 48 47 46 45 44 43 42 41 40 39 38 37  #  # 34 33 32 31 30 29 28 27 26 25 24 23 22 21 20 19 18 17 16 15 16 17 18 19 20 21 22 23 24 25  # 27 28 29 30 31 32 33 34 35 36 37 38 39 40 41  # 43 44 45 46 47  # 49 50 51 52 53  # 55 56 57 58  # 60 61 62 63 64 65 66 67 68 69 70 71 72 73 74 75 76 77 78 79 80
 81 80 79 78 77 76  # 74 73 72 71 70 69 68 67 66 65 64 63 62 61 60 59 58 57 56 55 54 53 52 51 50 49 48 47 46 45 44 43 42 41 40 39 38 37 36 35 34 33 32 31 30  #  #  #  # 25 24 23 22 21 20 19 18 17 16  # 18 19 20 21 22 23 24 25 26 27 28 29 30  # 32 33 34 35 36 37 38 39 40 41 42 43 44 45 46 47 48 49 50 51 52  #  # 57 56 57 58 59 60 61 62 63 64 65 66 67 68 69 70  # 72 73 74  # 76 77 78 79  # 81
 82 81 80 79 78 77  # 75 74 73  # 71 70  # 68 67 66 65 64 63 62  # 60 59  # 57 56 55 54  # 52 51 50 49 48 47 46 45  # 43 42 41 40 39 38 37  #  # 34 33  # 31 30 29 28 27 26 25 24 23 22 21 20 19 18 17 18  # 20 21 22 23 24 25 26  # 28 29  # 31 32  # 34 35 36 37 38 39  # 41  # 43 44  # 46 47 48 49 50 51  #  # 56 57 58 57 58 59 60 61 62 63 64 65 66 67 68 69 70 71 72 73 74 75  # 77 78 79 80 81 82
 83 82 81 80 79 78 77 76  #  # 73 72 71 70 69 68 67 66 65 64 63 62 61 60 61  # 57 56 55 54 53  # 51 50 49 48 47  #  # 44 43  #  # 40 39 38 37 36 35 34 35  #  #  # 29 28 27 26 25 24 23 22 21 20 19 18 19 20 21 22 23 24 25 26 27 28 29 30  # 32  # 36 35 36 37 38 39  # 43 42 43  # 45 46 47 48 49  # 51 52 53 54 55 56 57 58  # 60 61 62 63 64 65 66 67 68 69  #  #  # 73 74 75 76 77 78 79  # 81 82 83
 84 83 82 81 80 79 78 77 76 75 74 73 72 71 70 69 68 67 66 65 64 63 62 61 60 59 58 57 56 55 54 53 52 51  #  # 48 47 46 45 44 43 42 41 40 39  # 37 36 35 34 33 32 31 30 29  # 27 26 25 24  # 22 21 20 19 20  # 22 23 24 25 26 27 28 29  # 31 32 33 34 35 36  # 38 39 40 41 42 43 44  # 46 47 48 49  # 53 52 53  # 55 56 57 58 59 60 61 62 63 64 65 66 67 68 69 70 71 72 73 74 75 76 77 78 79 80 81 82 83 84
 85 84  # 82 81 80 79 78 77  # 75 74 73 72 71 70 69 68 67 66 65 64 63 62 61 60  # 58 57 56 55 54 53 52 51 50 49  # 47 46 45  # 43  # 41  # 39 38 37 36 35 34 33 32 31 30  #  # 27 26 25  # 23 22 21 20  # 24 23 24 25 26 27 28 29 30 31 32 33 34 35 36 37 38 39 40 41 42 43 44 45 46 47 48  # 50 51 52 53 54  # 56 57 58 59 60 61 62 63 64 65 66 67 68 69  # 71  # 73 74 75 76 77 78 79 80 81  # 83 84 85
 86 85 84 83 82  # 80 79 78 77 76 75  # 73 72 71 70  # 68 67 66 65 64 63 62 61 60 59 58 57 56 55 54  # 52 51 50 49 48  # 46 45 44 43 42 41 40 39  # 37  # 35 34 33 32 31 32  # 28 27  # 25 24 23 22 21 22 23 24 25 26 27 28 29 30  # 32  # 34 35 36 37 38 39 40 41 42 43  #  # 46 47 48 49 50 51 52 53 54 55 56 57  #  #  # 61 62 63 64 65 66 67 68 69 70 71 72 73  # 75 76 77  # 79 80 81 82 83 84  # 86
 87 86 85 84 83 84  # 80 79 78 77 76 75 74 73 72 71 72  # 68 67 66 65 64 63 62  # 60 59 58 57 56 55 54 53 52 51 50 49 48 47 46 45 44 43 42 41 40  #  # 39  # 35 34  # 32 33  # 29 28 27 26 25 24 23 22 23 24 25  # 27 28 29 30 31 32  # 36 35 36 37 38 39 40 41  #  # 44 45 46 47 48 49 50  #  # 53  # 55 56  # 58 59 60 61 62 63 64 65 66 67 68 69 70 71 72  #  # 77 76  # 78 79 80 81 82 83 84 85 86 87
 88 87 86  # 84 83 82 81 80 79 78 77 76 75 74 73 72 71 70 69 68 67 66 65 64 63 62 61  # 59 58 57 56 55 54 53 52  # 50 49 48 47 46 45 44  # 42 41  # 39 38 37 36 35 36  # 32 31 30  # 28 27 26  # 24 23  # 25 26 27 28 29 30 31 32 33 34 35 36 37 38 39 40 41 42 43 44 45 46  # 48 49 50  # 54  # 54 55 56 57  # 59 60 61 62 63 64 65 66 67 68 69 70 71 72 73 74 75 76  #  # 79  # 81  # 83 84 85 86  # 88
 89 88 87  # 85  # 83 82  # 80 79 78 77 76  # 74 73 72 71  # 69 68 67 66 65 64 63 62 63  #  # 58 57 56 55  # 53 54  # 50 49  # 47 46 45 44 43  #  # 40  # 38 37 36 35 34 33 32 31 30 29 28 27 26 25 24 25 26 27 28 29 30 31 32 33 34 35 36 37 38 39 40 41 42 43 44 45 46 47  # 49  # 51 52 53 54 55 56 57 58 59 60 61 62 63 64 65 66 67 68 69  # 71 72 73 74 75 76 77 78 79  # 83  # 85 84 85  # 87 88 89
 90 89 88 87 86 85 84 83 82 81 80 79  # 77  # 75 74 73 72 71 70  # 68 67 66 65 64 63 64 65 66  # 58 57 56 55 54 53 52 51 50 51  #  # 46 45 44 45  # 41 40 39 38 37 36 35 34 33 32 31 30 29 28 27 26 25 26 27  # 29 30 31  # 33 34 35 36 37 38 39 40 41 42 43 44 45 46 47 48 49 50 51 52 53 54 55 56 57 58 59 60 61 62 63 64 65 66 67 68 69  # 73 72 73 74  # 76 77 78 79 80 81 82 83 84  # 86 87 88 89 90
 91  # 89 88 87 86 85 84 83 82 81  # 81  # 77 76 75 74 73 72 71 70 69 68 67 66 65 64 65 64  # 60 59 58 57 56 55 54 53 52 51 50 49 48 47  # 45 44 43 42 41 40 39  # 37 36 35 34 33 32 31 30 29 28 27 26 27 28 29  # 31 32 33 34 35 36 37 38 39 40  # 42 43 44 45  # 47 48  # 50 51 52 53 54  # 56 57 58 59  # 61 62 63 64 65 66 67 68 69 70 71 72 73 74 75  # 77  # 79 80 81 82 83 84 85 86 87 88 89  # 91
 92 91 90 89  # 87 86 85 84 83  # 81 80 79 78 77  # 75  # 73 72 71 70 69 68 67 66 65 64 63 62 61 60 59 58 57 56  #  # 53 52 51  # 49  #  #  # 45 44 43 42 41 40 39 38 37 36 35 34 33  # 31 30  # 28 27 28 29 30 31 32 33 34 35 36 37 38 39 40 41 42 43 44 45 46 47 48 49 50 51 52 53 54 55 56 57 58 59 60 61 62 63 64 65 66 67 68 69 70 71 72 73  # 75 76 77 78 79  # 81 82  #  # 85 86 87 88 89 90 91 92
 93 92 91 90  # 88 87 86 85 84  # 82 81 80 79  # 77 76 75 74 73  # 71 70 69 68 67 66 65 64 63 62 61  # 59 58 57 58 57  #  # 52 51 50 49 48 47 46 45  # 43 42 41  # 39 38 37 36 35  # 33 32 31 32  # 28 29  # 31 32  # 34 35 36 37 38 39 40 41 42 43 44 45 46 47 48 49 50 51 52 53 54 55 56 57 58 59 60 61 62 63 64 65 66 67 68  # 70 71 72 73 74 75 76 77  # 79 80 81 82 83 84 85  # 87  # 89 90 91 92 93
 94 93  #  # 90 89 88 87  # 85 84 83 82 81 80 79 78 77 76 75  # 73 72  # 70 69 68 67 66 65 64 63 62 61 60 59  # 57 56 55 54 53 52 51 50 49 48 47 46 45 44 43 42  # 40 39 38 37 36 37  # 33 32 31 30 29  # 33 32 33 34 35 36 37 38 39 40 41  # 43 44 45 46 47 48 49 50 51 52  # 54 55 56 57 58 59 60  # 62 63 64 65 66 67 68 69  # 71 72 73 74 75 76 77 78 79 80 81 82 83  # 85 86 87 88 89 90 91 92 93 94
 95 94 93 92 91 90 89 88  # 86 85  # 83 82 81 80 79 78 77  # 75 74 73 72 71  # 69 68 67 66 65 64 63 62 61 60 59 58 57 56 55 54 53 52 51 50  #  # 47 46 45 44 43 42 41 40 39 38 37 36 35 34 33  # 31 30 31 32 33 34 35 36 37 38 39 40  # 42 43 44 45  # 47 48 49 50 51 52  # 56 55 56 57 58 59 60 61 62 63 64 65 66 67 68 69  # 73  # 73 74 75 76  #  # 79 80  # 82  # 84 85 86 87 88 89  # 91 92 93  # 95
 96 95 94 93 92 91 90 89  # 87  # 85 84  # 82 81 80 79 78 77 76 75 74 73  # 71 70 69 68 67 66 65 64 63 62 61 60 59 58 57 56  # 54 53 52 51 52 53  # 47 46 45 44 43 42 41 40 39 38  # 36 35 34 33 32 31  # 33 34  # 36  # 38 39 40 41  # 43 44 45  # 49 48 49 50 51 52 53 54 55  # 57 58 59 60 61 62 63 64 65 66 67 68 69 70 71 72 73 74 75 76 77 78 79 80 81 82 83 84 85 86  # 88 89 90 91 92 93 94 95 96
 97 96 95 94  # 92 91 90 89 88  # 86 85  # 83 82 81  # 79 78  # 76  # 74 75  # 71 70 69 68 67 66 65 64 63 62 61  # 59 58  #  .  # 54  # 52  #  #  # 48 47 46 45  # 43  # 41 40 39 38 37 36 35 34 33 32 33  #  # 38 37 38 39 40 41 42 43  # 45 46 47 48 49 50 51 52 53  # 55  # 59 58 59 60 61 62 63 64 65 66 67 68 69 70 71  # 73  # 75 76 77 78 79 80 81 82 83 84 85 86 87 88 89 90 91 92 93 94 95 96 97
 98 97 96 95 94 93 92 91  # 89 88 87 86 85 84 83 82  # 80 79 78 77  # 75 74 73 72 71 70 69 68 67 66 65 64 63 62 61 60 59 60  # 56 55 54 53 52 51 50 49 48 47 46  # 44 43 42 41 40 39 38 37 36 35 34 33 34 35  #  # 38 39 40 41 42 43 44 45 46  # 48  # 50 51 52 53 54 55 56 57 58 59 60 61 62 63 64 65 66 67 68  # 70 71 72 73 74 75 76 77 78  # 80 81 82 83 84 85 86 87 88 89 90 91 92  # 94 95 96  # 98
 99  #  # 96 95 94 93 92 91 90 89 88 87  # 85 84 83 82 81 80 79  # 79  # 75 74 73 72 71 70 69 68 67 66 65 64 63 62  #  # 59 58 57 56 55 54 53 52 51 50 49 48 47 48  # 44 43 42 41 40 39  # 37 36 35 34  # 36 37 38 39 40 41 42 43 44 45 46 47 48  # 52 51 52 53 54 55 56 57 58  # 60  # 62 63 64 65 66 67 68 69 70 71  # 73 74 75  # 77  # 79 80 81 82 83 84 85 86  # 88 89 90 91 92 93 94 95 96 97 98 99
  0 99 98 97  # 95 94 93 92  # 90 89 88 87 86 85 84 83  # 81 80 79 78 77 76  # 74 73 72 71 70 69 68 67 66 65 64 63 62 61 60 59  # 57 56 55  #  # 52 51 50  # 48 47 46 45 44 43 42 41 40 39 38 37 36 35  # 37 38 39 40 41 42 43 44 45 46 47 48 49 50 51 52 53  # 55  # 57 58 59 60 61 62 63 64 65 66 67 68  # 70 71 72 73 74 75 76 77 78 79 80 81 82  # 84 85 86 87 88 89  # 91 92 93 94 95 96 97  # 99  0
  1  0 99  # 97 96 95 94 93 92 91 90 89 88 87  # 85 84 85  # 81 80 79 78 77 76 75 74 73 72 71 70 69 68 67 66 65 64 63 62 61 60 59 58 57 56 57  # 53 52 51 52  # 48 47 46 45 44 43  # 41  #  #  #  # 36 37 38 39 40 41 42  # 44 45 46 47 48  # 50 51 52 53 54 55 56 57 58  # 60 61 62 63 64 65 66 67 68 69 70  # 72 73  # 75 76  # 78 79 80  #  # 83  # 85 86 87 88 89 90 91  # 93 94 95 96 97 98 99  0  1
  2  1  0 99 98 97 96 95 94 93 92 91 90 89 88 89  # 85 84 83 82  #  # 79 78  # 76  # 74  # 72  # 70 69 68 67 66 65 64 63 62 61 60 59 58 57 58  # 54 53 52 51 50 49 48  #  #  # 44 45  # 41 40 39 38 37 38 39 40 41 42 43 44 45 46 47 48  # 52 51 52 53 54 55 56 57 58 59 60 61 62 63 64 65 66 67 68  #  #  # 74 73 74 75 76 77 78  # 80 81 82  #  #  # 86  # 88  # 90 91 92 93 94 95  # 97 98 99  0  1  2
  3  2  1  0  # 98  # 96 95  # 93 92  # 90 89 88 87 86 85 84  # 82 81 80 79 78 77 76 75 76  # 72 71 70 69 68 67 66 65 64 63 62 61 60  # 58 59  #  # 54 53 52 51 50 49 50 51  # 45 44 43 42 41 40 39 38 39 40  # 42 43 44 45 46  # 48 49 50 51 52 53 54 55 56 57 58 59 60 61 62 63 64 65 66 67 68 69 70 71 72 73 74 75 76 77 78 79 80 81  #  #  #  # 88 87 88  # 92 91  # 93 94 95  #  # 98 99  0  1  2  3
  4  3  2  1  0 99  # 97  # 95 94 93 92 91 90 89 88  # 86 85  #  # 82 81 80 79 78 77 76 75 74 73 72 71 70  # 68 67 66 65 64 63 62 61 60 59  # 57 56 55 54 53 52 51 50 51  # 49  # 45  #  # 42 41 40 39 40 41  # 43 44 45 46 47 48 49 50 51 52 53 54 55 56 57 58 59 60 61 62 63 64 65 66 67 68 69 70  # 72 73 74 75  # 77 78 79 80 81 82 83 84 85 86 87 88 89 90 91 92 93  #  # 96  #  0 99  0  1  2  3  4
  5  #  3  2  1  0  1  # 97 96 95  # 93 92 91 90 89 88 87  #  .  # 83 82 81 80 79 78 77 76 75 74 73 72 71 70 69 68 67 66 65 64 63 62 61 60  # 58 57  # 55  # 53 52 51 50 49 48 47 46 47  #  # 42 41 40 41 42 43 44 45 46 47 48 49  # 51 52 53 54 55 56 57 58 59 60 61 62 63 64 65 66 67 68 69 70  #  .  #  # 75 76  # 78 79 80 81 82 83 84 85  # 87 88 89 90 91 92 93 94  # 98 97  #  1  0  1  2  3  4  5
  6  5  4  3  2  1  2  # 98 97  # 95 94 93  # 91 90 89 88 89  # 85 84 83 82 81 80 79 78 77 76 75  # 73 72 71 70 69 68 67 66 65 64 63 62  # 60 59 58 59  #  .  # 53  # 51 50 49 48 47 46 45 44 43 42 41 42 43 44 45 46  # 48 49 50 51 52 53 54 55 56  # 58 59 60 61 62 63 64 65 66 67 68 69 70 71 72  # 76 77  #  # 80 79 80 81 82 83 84 85 86 87 88 89 90  # 92 93 94 95  # 99 98 99  0  #  #  3  4  #  6
  7  6  5  4  3  2  #  0 99 98 97 96  #  # 93 92 91  #  # 90  # 86 85 84 83 82 81 80 79 78  # 76 75 74  # 72 71 70  # 68 67 66 65 64 63 64  # 60 59 60 61  # 55 54 55  # 51 50  # 48 47  #  # 44  # 42 43 44 45 46 47 48 49 50 51 52 53 54 55 56 57 58 59 60  # 62 63 64 65 66 67 68 69 70 71 72 73 74 75  #  # 80 81 80 81 82 83 84  # 86 87 88 89 90 91 92 93 94 95 96 97 98 99  0  1  2  3  4  5  #  7
  8  7  6  5  #  3  2  1  0 99 98 97 96 95 94 93 92 91 90 89 88 87 86 85 84 83 82 81  # 79 78 77 76 75 74 73 72  # 72  # 68 67 66 65 64 63 62 61 60 61  # 57 56 55 56  # 52  #  # 49  # 47 46 45 44 43 44 45 46 47  # 49 50 51 52 53 54 55 56 57 58 59 60  # 64 63 64 65 66 67 68 69 70 71 72 73  # 75 76 77 78 79 80 81 82 83 84  # 88 87 88 89 90 91 92 93 94  # 96 97 98  #  #  1  2  3  4  5  6  7  8
  9  #  7  6  5  4  3  2  1  0 99 98 97 96 95 94 93 92 91 90 89 88 87  # 85 84 83 82 81 80 79 78 77  # 75 74  # 72 71 70 69 68 67 66 65 64 63 62 61 62 61  # 57 56 55 54 53 54  # 50 49 48  # 46 45 44 45 46  # 48 49 50 51 52 53 54 55  #  # 58 59 60  # 64 65 64 65 66 67 68 69 70  # 72  # 74 75 76 77 78 79 80 81 82 83 84  # 88 89 88 89 90  # 92 93 94 95 96 97 98 99  0  1  2  3  4  #  6  7  8  9
 10  #  8  #  #  5  4  3  2  1  # 99 98  # 96 95 94 93 92 91 90 89 88 87 86  # 84 83  # 81  # 79 78 77 76 75 74 73 72 71 70 69 68 67 66 65 64 63 62 61 60 59 58 57 56 55 54 53 52 51 50 49 48 47 46 45 46  # 50 49 50  # 52 53 54 55 56 57  # 59 60 61 62 63 64 65 66 67 68 69  # 71 72 73  # 75 76 77  # 79 80 81 82 83 84 85 86 87  # 89 90 91 92  # 94 95 96 97 98 99  0  1  #  3  4  5  6  7  8  9 10
 11 10  9  8  7  6  5  4  3  2  1  0 99 98 97  # 95  # 93 92 91  # 89 88 87 86 85 84 83 82 81 80 79 78 77 76 75  # 73  # 71 70 69 68 67 66 65 64 63 62 61 60  #  # 57 56 55  # 53 52 51 50 49 48 47 46 47  # 51 50 51 52  # 54 55  # 57 58 59 60 61 62 63 64 65 66 67 68 69 70 71 72 73 74 75 76 77 78 79 80  # 82 83 84 85 86 87 88 89  # 91 92 93 94  # 96 97 98 99  #  1  2  3  4  5  6  7  8  9 10 11
 12 11 10  9  #  7  6  5  4  #  2  1  0 99 98 97 96 95 94 93 92 91 90 89 88 87 86 85 84 83 82  # 80 79 78 77  # 75 74  # 72 71 70 69 68 67 66 65 64 63 62 61 60 59 58  # 56 55 54 53 52  # 50 49 48 47 48 49 50 51 52 53 54 55 56 57 58 59 60 61 62 63 64 65 66 67 68 69 70 71 72 73 74 75 76 77  # 79 80 81 82 83  # 85 86 87 88 89 90 91 92 93 94 95  # 97 98  #  0  1  2  3  4  5  6  7  8  9 10  # 12
 13 12 11 10  9  8  7  6  5  4  3  2  #  # 99 98 97 96 95 94 93 92 91 90 89 88 87 86 85 84 83 82 81 80 79 78 79  # 75 74 73 72 71 70 69 68 67 66 65 64 63 62 61 60  # 58 57 56  # 54  # 52 51 50 49 48 49 50 51 52  # 54 55  # 57 58 59  # 61 62 63 64 65 66 67 68 69 70  # 72 73 74 75 76 77 78 79 80 81 82 83 84 85  # 87  # 89 90  # 92 93 94 95 96 97 98  #  2  1  2  3  4  5  6  7  8  9 10 11 12 13
 14  #  # 11 10  9  8  7  6  5  4  3  2  1  0 99 98 97 96 95 94 93 92 91 90 89 88  # 86 85 84 83 82 81 80 79  # 77 76  # 74 73  #  # 70 69 68 67 66 65 64 63 62 61 60 59 58 57  # 55 54 53 52 51 50 49 50 51  # 53 54 55 56 57 58  # 60 61 62 63 64 65 66 67 68  #  # 71 72 73 74 75 76 77 78 79 80 81 82 83 84 85  # 89  # 91 90 91 92 93 94  # 96 97 98 99  0  1  #  3  4  5  6  7  8  9 10 11 12 13 14
 15 14 13 12 11  #  #  8  7  6  5  #  3  2  1  0  # 98 97 96 95  # 93 92 91  # 89 90  # 86  # 84  # 82 81 80  # 78 77  # 75  # 79  #  # 70  # 68 67 66 65 64 63 62 61 60 59 58 57 56 55 54 53 52 51 50 51 52 53 54  # 56 57 58 59 60 61 62 63 64 65 66 67 68 69  # 73 72 73 74 75  # 77  # 79 80 81 82 83 84 85 86 87 88 89 90 91 92 93 94 95 96 97 98  #  0  1  2  3  #  5  6  7  8  9 10  # 12 13 14 15
 16 15 14 13 12 11 10  9  8  7  #  7  #  3  2  1  #  # 98 97 96 95 94 93 92 93  # 91 90  # 86 85 86  # 82 81 80 79 78 77 76 77 78  # 72 71 70 69 68 67 66 65 64 63 62 61 60 59 58 57 56 55  # 53  # 51 52 53 54 55  # 57 58 59 60  # 62 63 64 65 66 67 68 69 70 71  # 73 74 75 76 77 78 79 80 81  # 83 84 85 86  # 88  # 90 91 92 93  # 95 96 97 98 99  #  #  2  #  4  #  6  7  8  9 10 11 12  # 14 15 16
 17 16 15 14 13 12 11 10  9  8  7  6  5  4  3  2  1  0 99 98 97 96 95 94 93 92 91 90 89 88 87 86 87 86  # 82 81 80  # 78 77 78 77  #  # 72 71 70 69 68 67 66 65 64 63 62 61 60 59  #  # 56 55 54 53 52 53 54 55 56 57 58 59 60 61 62 63 64 65 66 67 68  # 70  # 72  # 74  # 76 77 78 79 80 81 82 83 84  #  # 87 88 89 90 91 92 93  #  # 96 97  # 99  0  1  2  3  #  5  6  7  #  9 10 11 12  # 16 15 16 17
 18 17 16 15 14 13 12 11 10  9  8  7  6  5  4  3  2  1  # 99 98 97 96 95 94 93 92 91 90  # 88 87 86 85 84 83 82 81  # 79 78 77 76 75 74 73 72  # 70 69 68 67 66 65 64 63 62 61 60 59 58 57  # 55  # 53 54 55 56  # 58  #  # 61 62 63 64 65 66 67 68 69  # 71 72 73 74 75 76 77  #  # 80 81 82 83  #  # 88 89 88 89 90 91 92 93 94  #  # 97 98 99  0  1  #  3  4  5  6  #  # 11 10 11  # 13 14 15 16  # 18
 19 18 17 16 15 14 13 12 11 10  9  8  7  #  5  4  3  2  1  0 99 98 97 96 95 94 93 92 91  # 89  # 87 86 85 84 83 82 81 80 79 78 77 76 75 74 73 72 71 70 69 68 67 66 65 64 63 62 61  # 59 58 57 56 55 54 55 56  # 60 59 60  # 62 63 64 65 66 67 68  #  # 73 72  #  # 75 76 77 78 79 80 81 82 83 84 85 86 87 88 89 90 91 92 93 94 95 96  # 98  #  0  1  #  5  4  5  6  7  # 11 12  # 12 13 14 15 16 17 18 19
 20 19 18 17 16 15 14 13 12 11 10  9  8  9  #  #  4  3  2  1  0 99 98 97 96 95 94 93 92 91 90 89 88 87 86 85 84 83 82 81 80 79 78 77 76 75 74 73 72 71 70 69 68 67 66 65 64 63 62 61 60 59 58 57 56 55 56 57  # 61 60 61 62 63 64 65 66 67 68 69 70 71  # 73 74 75 76 77 78 79 80 81 82 83 84 85  # 87 88 89 90  # 92 93  # 95 96  #  0  #  2  #  2  3  4  5  6  7  8  9 10 11 12 13 14 15 16 17 18 19 20
 21 20 19 18 17 16  # 14 13 12  # 10  9  8  7  6  5  4  3  2  1  0 99  # 97 96 95 94 93 92 91 90 89 88 87  # 85 84  # 82 81 80 79 78 77 76 75 74 73 72 71 70 69 68 67 66 65 64 63 62 61 60 59 58 57 56 57 58 59  # 61 62 63 64 65 66 67 68 69 70  # 72 73 74 75 76 77 78  # 80 81 82 83  # 85 86  # 88 89 90  #  #  # 94  # 96 97 98 99  0  1  2  3  #  5  6  7  8  # 10  # 12 13 14 15 16 17 18 19 20 21
 22 21 20  #  # 17 16 15 14  # 12 11 10  9  8  7  6  5  #  3  2  1  #  1  # 97 96  # 94 93 92 91 90 89 88 87 86  #  .  # 82 81 80 79 78 77 76 75  # 73 72 71 70 69 68 67 66 65 64 63 62 61 60 59 58 57 58 59 60 61 62 63 64 65 66 67 68 69 70 71 72 73  # 75 76 77 78 79 80 81 82  # 84 85 86 87  # 89 90 91 92  # 96 95 96 97 98 99  0  #  2  3  4  5  6  7  8  9 10 11 12 13 14 15 16 17 18 19 20 21 22
 23 22 21 20 19 18 17 16 15  # 13 12  # 10  9  8  7  6  5  4  3  2  #  0 99 98 97  # 95 94 93 92 91 90 89 88 87 88  # 84 83  # 81 80 79 78 77 76 75 74 73 72 71  # 69 68 67 66 65 64 63 62 61 60 59 58 59 60 61 62 63 64 65 66 67 68 69 70 71 72 73 74 75 76 77 78  #  # 81 82 83 84 85 86 87 88 89 90 91 92 93 94 95 96 97 98 99  0  1  2  3  4  5  6  7  #  9 10 11 12 13 14  # 16 17 18 19  # 21 22 23
 24  # 22 21 20  # 18 17 16 15 14 13 12 11 10  #  8  7  6  5  #  3  2  1  0  # 98 99  # 95  # 93 92 91 90 89 88 87 86 85 84 83 82 81 80 79 78 77 76 75 74 73 72 71 70  # 68 67 66 65 64 63 62 61  # 59  # 61 62 63 64 65 66 67 68 69 70  # 72 73 74 75  #  #  # 79 80  # 82 83 84 85 86 87 88 89 90 91 92 93 94 95 96 97  # 99  #  1  2  3  4  5  #  7  8  9 10 11 12 13 14 15 16 17 18 19 20  # 22 23 24
 25 24 23 22 21 20 19 18 17 16 15 14 13 12 11 10  9  8  7  6  5  4  3  2  1  0 99  # 97 96 95 94 93 92 91  # 89 88 87 86 85 84  # 82 81 80  # 78 77 76  # 74 73 72  #  # 69 68 67 66 65 64 63 62 61 60 61 62 63 64 65 66 67 68 69 70 71 72 73 74 75  # 79 80 81  #  # 84 83 84  # 86 87 88 89 90 91 92  # 94 95 96 97 98 99  0  1  2  3  #  5  6  7  8  9 10 11 12 13 14 15 16 17 18 19 20 21 22  # 24 25
 26 25 24 23 22 21 20  # 18 17 16 15  # 13 12 11 10  9  #  7  6  5  4  3  2  1  0  1  # 97 96 95 94  # 92 93  # 89 88 87 86 85 84 83  # 81 80 79 78 77 76 75 74  #  # 71 70 69 68 67 66 65 64 63 62 61 62 63 64 65 66 67 68 69 70  # 72 73 74 75 76 77 78 79 80 81 82  # 84 85 86 87 88 89 90 91 92 93 94 95 96 97  # 99  0  1  2  3  4  5  6  7  8  9 10 11 12 13  # 15 16 17 18 19 20 21 22 23 24 25 26
 27 26 25 24  # 22 21 20 19 18 17 16 15 14 13 12  #  #  9  8  7  6  5  4  #  2  1  2  3  # 97 96 95  # 93 92 91 90 89 88 87 86 85 84  # 82 81 80 79  # 77 76 75 74 73 72 71 70 69 68 67 66 65 64 63 62 63 64 65 66 67 68 69 70  # 74 73 74 75 76  # 78 79 80 81 82 83 84 85 86  #  # 89 90 91 92 93 94 95  # 97 98 99  0  1  2  3  4  5  6  7  8  # 10 11 12 13 14 15 16  # 18 19 20 21 22 23 24 25 26 27
 28 27 26 25 26  # 22 21 20 19 18 17 16 15 14  # 12 11 10  9  8  7  6  5  4  3  2  3  #  #  #  # 96 95 94 93 92  # 90 89 88 87 86 85 84 83 82 81 80 81  # 77  # 75  # 73 72 71 70 69 68 67 66 65 64 63 64 65 66 67 68 69 70  # 76 75 74 75  #  # 80 79  # 81 82 83  # 85 86 87 88  # 90 91 92 93 94 95 96 97 98 99  0  1  2  3  4  #  6  7  8  9 10 11 12 13 14 15  # 17 18 19 20 21 22 23 24 25 26 27 28
 29 28 27 26 25 24 23 22 21 20 19 18 17 16 15 14 13  # 11 10  9  #  7  6  5  4  3  4  3  2  # 98 97 96 95  # 93 94  # 90 89 88  # 86 85 84 83 82 81 80 79 78  # 76 75 74 73 72 71 70  # 68 67 66 65 64 65 66 67 68 69  #  # 74 75 76 75  # 79 80 81 80 81  # 83 84 85 86 87 88 89 90 91 92  # 94 95 96  # 98 99  #  1  2  3  4  5  #  7  8  9 10 11 12  # 14 15 16 17 18 19 20  # 22 23  #  # 26 27  # 29
 30 29 28 27 26 25 24 23 22 21 20 19 18 17 16 15 14 13 12 11 10  9  8  7  6  5  4  3  2  1  0 99 98 97 96 95 94 93 92 91 90 89 88 87 86 85 84 83 82 81 80 79 78 77 76 75 74 73 72 71 70 69 68 67 66 65 66 67 68 69 70 71 72 73 74 75 76 77 78 79 80 81 82 83 84 85 86 87 88 89 90 91 92 93 94 95 96 97 98 99  0  1  2  3  4  5  6  7  8  9 10 11 12 13 14 15 16 17 18 19 20 21 22 23 24 25 26 27 28 29 30
