# true distance for all points from S minus direct distance in taxicab metric
  0  0  0  0  0  0  0  0  0  0  0  0  0  0  0  0  0  0  0  0  0  0  0  0  0  0  0  0  0  0  0  0  0  0  0  0  0  0  0  0  0  0  0  0  0  0  0  0  0  0  0  0  0  0  0  0  0  0  0  0  0  0  0  0  0  0  0  0  0  0  0  0  0  0  0  0  0  0  0  0  0  0  0  0  0  0  0  0  0  0  0  0  0  0  0  0  0  0  0  0  0  0  0  0  0  0  0  0  0  0  0  0  0  0  0  0  0  0  0  0  0  0  0  0  0  0  0  0  0  0  0
  0  0  0  0  #  0  0  0  0  #  0  0  #  0  #  0  0  0  0  0  0  0  0  0  0  #  0  0  #  0  0  0  0  0  0  0  0  0  0  0  0  0  0  0  0  0  0  0  #  0  0  #  0  0  #  0  0  0  0  0  0  0  0  0  0  0  0  0  0  0  0  0  0  0  0  0  0  0  0  0  0  0  0  0  0  0  0  0  0  #  0  0  0  0  0  0  0  0  #  0  0  #  0  0  0  0  0  0  0  #  0  #  2  0  0  0  0  0  0  0  0  0  0  0  0  0  0  0  0  #  0
  0  0  0  0  0  0  0  0  0  0  0  0  0  0  0  0  0  0  0  0  0  0  0  0  0  0  0  0  0  0  0  0  0  #  2  #  0  0  0  #  0  #  #  0  0  0  0  0  0  0  0  0  0  0  0  0  0  0  0  #  0  0  0  0  0  0  0  0  0  0  0  0  0  0  0  0  0  0  0  0  0  0  0  0  0  #  2  0  0  0  0  #  0  0  0  #  2  2  0  0  0  #  0  0  #  0  0  0  0  #  0  0  #  0  0  0  0  0  0  0  0  0  0  0  0  0  0  0  #  0  0
  0  0  0  0  0  0  0  0  0  0  0  0  0  0  0  0  0  0  0  0  0  0  0  0  0  0  0  0  0  #  0  #  0  #  #  0  2  #  0  0  0  0  0  0  0  0  0  0  #  0  0  0  0  0  0  0  0  0  0  0  0  0  0  0  0  0  0  0  0  0  0  0  0  #  0  0  0  0  0  #  0  0  0  #  0  0  #  0  0  0  0  0  0  0  0  0  #  2  0  0  #  0  0  0  0  0  0  #  0  0  0  0  0  0  0  0  0  0  0  0  0  0  0  #  0  0  0  #  #  0  0
  0  0  0  0  0  0  0  0  0  0  0  0  #  0  0  0  0  0  0  0  0  #  #  0  #  0  0  0  0  0  0  #  0  0  0  0  #  0  0  0  0  0  0  0  0  0  0  0  0  0  0  0  #  0  0  0  0  0  0  0  0  0  0  0  0  0  0  0  0  0  0  0  0  0  0  0  0  0  0  0  0  0  0  #  0  0  0  0  0  0  #  0  #  #  0  0  0  #  0  0  0  0  0  #  0  0  0  0  0  0  0  0  #  0  0  0  0  0  0  0  #  2  2  0  0  0  0  0  0  0  0
  0  #  0  0  0  0  0  0  2  #  0  0  0  #  #  #  0  0  0  0  0  0  0  0  0  0  0  0  #  0  0  0  #  #  0  0  0  #  0  0  0  0  0  0  0  0  0  0  0  0  0  0  0  0  0  0  0  0  0  0  0  0  0  0  0  0  #  0  0  0  0  0  0  0  0  0  #  0  #  2  0  0  #  0  0  0  0  0  #  0  0  0  0  0  0  0  #  0  0  #  #  0  0  0  0  0  0  0  0  0  0  0  0  0  #  0  0  0  0  0  #  2  #  0  0  0  0  #  2  2  0
  0  0  0  0  0  0  0  0  #  0  0  0  0  0  0  0  0  0  0  0  0  0  0  0  0  0  0  0  0  0  #  0  0  0  0  0  0  0  0  #  0  2  2  2  2  2  2  #  0  0  0  0  0  0  #  0  0  0  0  0  0  0  0  0  #  0  0  0  0  0  0  0  0  0  0  0  0  0  #  #  0  0  0  0  0  0  #  0  0  0  0  0  0  0  0  0  0  0  0  0  0  0  0  0  0  0  0  0  #  0  0  #  0  0  0  0  0  0  0  #  4  2  0  0  0  0  0  #  4  #  0
  0  0  0  0  #  0  0  0  0  0  0  0  0  0  0  0  0  0  #  0  0  0  0  2  #  0  0  0  #  0  0  0  0  0  0  0  0  0  0  #  0  2  4  4  4  #  4  6  #  0  0  0  0  0  0  0  0  0  0  0  0  0  0  0  0  0  0  0  0  0  0  0  0  0  0  0  0  0  0  0  0  0  0  0  0  0  0  0  #  #  0  0  0  0  0  0  0  0  0  0  0  0  0  0  0  0  0  #  0  0  0  0  0  0  0  0  0  0  0  0  #  #  0  0  0  0  0  0  #  0  0
  0  0  0  0  0  0  0  0  0  0  0  0  0  0  #  0  0  0  0  0  0  0  0  #  #  0  0  0  0  0  0  0  0  0  #  0  0  0  0  0  0  2  4  6  6  6  6  #  0  0  0  0  0  0  0  0  0  0  0  0  0  #  0  0  0  0  0  #  2  #  2  0  0  0  0  0  0  0  0  0  0  0  0  #  0  0  0  0  0  0  0  0  0  0  0  0  0  0  #  2  0  0  0  0  #  2  0  0  0  0  0  0  0  0  0  0  0  0  0  0  0  0  0  0  #  0  0  0  0  0  0
  0  0  #  #  #  0  0  0  #  0  0  0  0  0  0  0  0  0  0  0  0  0  0  0  0  0  0  #  0  2  #  0  0  0  #  0  0  0  #  0  0  #  6  8  8  8  #  0  0  0  0  0  0  0  0  0  0  0  0  0  0  0  0  0  0  0  0  0  #  0  #  0  0  0  0  0  0  0  0  0  #  2  0  0  0  0  0  0  0  0  0  0  0  0  #  0  0  0  0  #  0  #  0  0  #  #  0  0  0  0  0  0  0  0  0  0  0  0  #  0  0  0  0  0  0  0  0  0  0  0  0
  0  0  #  0  0  0  #  0  0  0  0  0  0  0  0  0  0  0  0  0  0  #  #  0  0  0  0  #  0  2  #  0  0  0  0  0  0  0  0  0  0  0  # 10 10  #  0  0  0  0  0  0  0  0  0  0  0  0  0  0  2  #  2  #  0  0  0  0  #  0  0  0  0  0  0  0  0  0  0  0  0  #  0  0  0  0  0  0  0  0  0  0  0  0  0  0  0  0  0  0  0  #  0  #  2  0  0  0  #  0  0  0  0  #  0  0  #  #  0  0  0  0  0  0  0  0  0  0  0  0  0
  0  0  0  0  0  0  0  0  0  0  0  0  #  0  0  #  0  0  0  0  0  0  0  0  0  0  0  0  0  #  0  0  2  #  0  0  0  0  0  0  #  0  0  #  #  0  0  #  0  0  0  0  0  0  0  0  0  0  0  0  #  #  #  0  0  0  #  0  0  0  0  #  0  0  0  0  0  0  0  0  0  0  0  #  2  0  #  0  0  0  0  0  0  0  0  0  0  0  0  #  0  0  0  #  #  0  #  #  0  0  #  0  0  0  0  0  0  0  0  #  0  0  0  0  0  0  0  0  0  0  0
  0  0  #  0  #  #  #  0  0  0  0  0  #  0  0  0  0  0  0  0  #  #  0  0  0  0  0  0  0  0  0  0  #  .  #  #  0  0  0  0  0  0  0  0  0  0  0  0  0  0  0  0  0  0  0  0  0  0  #  0  #  0  0  0  #  0  #  0  0  0  0  0  0  0  0  0  0  0  0  0  0  0  0  0  #  0  #  0  0  #  0  0  0  #  0  0  0  0  0  0  0  0  0  0  0  0  0  0  0  0  0  0  0  0  0  0  #  0  0  0  0  0  0  0  0  #  0  0  0  0  0
  0  0  0  0  0  0  0  0  #  0  0  0  0  0  0  0  0  0  0  0  0  #  0  0  0  0  0  0  0  0  0  0  0  #  0  0  #  0  0  0  0  0  2  #  0  0  0  0  0  0  0  0  0  0  0  0  0  0  0  0  0  0  0  0  #  0  0  0  0  0  #  0  0  0  #  2  0  0  0  0  0  0  0  0  0  0  #  0  #  0  0  0  0  0  0  0  0  0  0  0  0  0  0  0  0  0  0  #  0  0  #  0  0  #  #  0  0  0  0  0  0  0  0  0  #  2  0  0  0  0  0
  0  0  0  0  #  0  0  0  #  0  2  #  0  0  0  0  0  0  0  0  0  0  #  #  0  0  0  0  0  #  0  0  0  0  #  0  0  #  0  0  0  0  #  0  0  2  #  0  0  0  0  0  0  0  0  #  0  0  0  0  0  #  0  0  0  0  0  0  #  0  0  0  0  0  0  #  0  0  0  0  0  0  0  0  0  0  #  0  0  0  0  0  0  #  2  0  0  0  0  0  0  0  0  0  0  0  0  0  0  0  0  0  0  0  0  0  0  0  #  #  0  0  0  0  #  2  0  0  0  0  0
  0  0  #  0  #  0  0  0  #  0  #  #  0  0  0  0  0  0  0  0  0  0  0  0  0  0  0  0  0  0  0  0  0  0  0  0  0  0  0  0  #  0  0  0  0  #  0  0  0  0  0  0  0  0  0  0  0  0  0  0  0  0  0  0  0  0  0  0  0  0  0  0  0  0  0  0  0  0  0  0  0  0  0  0  0  0  #  0  0  0  0  0  0  0  #  0  0  #  0  0  0  0  0  0  0  0  #  0  0  0  0  0  0  #  0  0  0  0  0  #  0  0  0  #  4  2  0  0  0  #  0
  0  0  0  0  0  0  0  0  0  0  0  0  0  0  0  0  0  0  0  0  0  0  0  0  0  #  0  0  0  0  2  2  2  #  0  0  0  0  0  0  0  #  0  0  0  0  0  0  0  0  0  0  0  0  0  #  0  0  0  0  0  0  0  0  0  0  0  0  0  #  2  0  0  #  0  0  0  0  0  0  0  0  0  0  0  0  0  0  #  0  0  0  0  #  0  0  0  0  0  0  0  0  0  0  0  0  0  0  0  0  0  0  0  0  0  0  #  0  0  0  0  0  0  0  #  2  0  0  0  0  0
  0  0  0  0  0  #  #  0  0  0  0  0  0  0  0  0  0  0  0  0  0  0  0  0  0  #  0  0  0  0  2  4  #  0  0  0  0  0  0  #  0  #  0  #  0  0  0  0  0  0  0  0  0  0  0  0  0  0  0  0  0  0  0  0  #  0  0  0  0  #  #  0  0  0  0  0  0  0  #  0  0  0  0  0  0  0  0  0  0  0  0  0  0  0  0  0  #  2  0  0  0  0  0  0  0  #  0  0  #  #  0  0  0  0  0  0  0  0  0  0  0  0  0  0  0  #  0  0  0  0  0
  0  #  0  0  0  0  #  0  0  0  0  0  0  2  #  0  0  0  0  0  0  0  0  0  0  0  0  0  0  0  2  4  #  0  0  0  0  0  0  0  0  0  0  0  0  0  0  0  0  0  0  0  #  0  0  0  #  0  0  0  0  0  0  0  0  0  #  #  0  0  0  0  0  0  0  0  #  0  0  0  0  0  0  0  0  0  0  0  0  0  0  0  0  0  #  0  #  #  0  0  0  0  0  0  0  0  0  #  2  0  0  0  0  0  #  0  0  0  #  0  0  0  #  0  0  0  0  0  #  0  0
  0  0  0  0  0  0  0  0  0  0  0  0  0  2  2  2  #  0  0  0  0  0  0  0  0  0  0  0  0  0  #  #  0  0  0  0  #  0  0  0  0  0  0  0  0  0  0  0  0  0  0  0  0  0  0  0  0  0  0  0  #  #  0  0  #  0  0  0  0  0  0  0  0  0  0  0  0  0  0  0  #  0  0  0  0  0  0  0  0  0  0  0  0  #  0  0  0  0  0  0  0  0  #  0  0  0  0  0  #  0  0  #  0  #  0  0  0  0  #  0  0  #  0  0  0  0  0  0  #  0  0
  0  0  0  0  0  0  #  0  0  0  0  0  0  2  #  #  0  0  0  #  0  0  0  0  0  2  #  #  0  0  0  0  0  0  0  0  0  0  0  0  0  0  0  0  0  0  0  0  0  0  0  2  #  0  0  0  0  0  0  0  0  #  0  0  0  0  0  0  0  0  #  0  0  0  0  0  #  0  0  0  0  0  0  0  0  0  0  0  0  #  #  0  0  0  0  #  0  #  #  2  2  0  0  0  0  0  0  #  2  0  0  0  0  0  0  0  0  0  0  0  0  0  0  0  0  0  0  0  0  0  0
  0  0  0  0  #  0  0  #  0  0  0  0  0  #  .  #  0  0  0  0  0  0  0  0  0  #  0  0  0  0  #  0  0  0  0  0  0  #  0  0  0  0  0  0  0  0  0  0  #  0  0  2  4  #  0  0  0  0  #  0  0  #  0  0  0  0  #  2  0  0  0  0  #  2  0  0  #  0  0  0  0  #  0  0  0  0  0  0  0  0  0  0  0  #  #  #  0  0  0  #  #  0  0  0  0  0  0  #  #  0  0  0  0  0  0  #  #  2  0  0  0  0  0  0  #  0  0  0  0  0  0
  0  #  0  0  0  0  0  0  0  2  #  0  0  0  #  0  0  0  0  0  0  0  0  #  0  0  0  0  0  0  0  0  0  0  0  0  0  #  0  0  0  0  0  0  0  0  0  0  #  0  0  2  #  2  2  #  0  0  0  0  0  2  2  #  0  0  0  #  0  0  0  0  #  2  0  0  0  0  0  0  0  0  0  0  0  0  0  0  0  0  0  0  0  0  0  0  0  0  0  0  #  0  #  0  0  #  0  0  0  0  #  0  0  0  #  2  0  #  0  0  0  0  0  0  #  0  0  #  0  0  0
  0  0  0  2  #  #  #  0  0  #  0  0  0  0  #  0  #  0  0  0  0  0  0  0  0  0  0  0  0  0  0  0  0  0  0  #  0  0  0  0  0  0  0  0  0  0  0  0  0  0  0  #  0  #  #  0  0  0  0  0  0  #  #  0  0  0  0  0  0  0  0  0  0  #  0  0  0  0  0  0  0  0  0  0  #  0  0  0  0  0  0  0  0  0  0  #  0  0  0  0  #  0  0  0  #  2  0  0  0  0  0  0  #  0  0  #  0  0  0  0  0  0  0  0  0  0  0  0  0  #  0
  0  0  0  #  #  2  #  0  0  0  0  0  0  0  0  0  0  0  0  0  0  0  0  0  #  0  0  0  0  0  0  #  0  #  0  0  0  0  0  0  0  0  0  0  0  #  0  0  #  0  0  0  0  0  0  2  #  0  #  0  0  0  #  0  0  0  0  0  0  #  0  0  #  0  0  0  0  0  0  0  0  0  0  #  #  0  0  0  0  0  0  0  0  0  0  0  0  0  0  0  0  0  #  2  0  #  0  #  0  0  #  0  0  0  0  0  0  0  0  0  0  0  0  #  2  0  #  0  0  0  0
  0  0  0  0  0  2  #  0  0  0  0  0  0  0  #  0  0  0  0  0  0  0  0  0  0  2  #  0  0  #  0  0  0  #  0  0  0  0  0  0  0  0  0  0  0  0  0  0  0  0  #  0  0  0  0  #  0  0  0  #  0  0  0  0  0  0  0  0  0  0  0  #  0  0  0  0  0  0  0  0  0  0  0  0  0  0  0  0  0  0  0  0  0  0  0  0  0  0  0  0  0  0  0  #  0  0  0  #  0  0  0  0  #  0  0  0  0  0  0  0  #  0  0  0  #  0  0  0  0  #  0
  0  0  0  #  0  #  0  #  0  0  0  0  0  0  0  0  2  #  #  0  0  0  0  0  0  #  0  0  0  0  #  0  0  0  0  #  0  0  0  0  0  0  0  0  0  0  #  0  0  0  #  0  #  #  0  #  #  0  0  0  0  0  0  0  #  0  0  #  #  2  2  2  0  0  0  0  0  0  0  0  0  0  0  0  0  0  0  0  0  0  0  0  0  0  0  0  0  0  0  #  0  0  0  0  0  0  #  0  0  0  0  0  0  0  0  0  #  #  #  2  0  0  0  0  #  0  0  0  0  0  0
  0  0  0  #  0  0  0  0  0  #  #  0  #  #  0  0  #  0  #  0  0  0  0  0  0  0  0  0  0  0  0  #  #  0  0  0  0  0  0  0  0  0  0  0  0  0  0  0  0  0  0  0  0  0  0  0  0  0  0  0  0  0  0  0  0  0  0  0  0  #  4  #  0  0  0  0  0  0  0  0  0  0  0  0  0  0  0  0  0  0  0  0  0  0  0  0  0  0  0  0  0  0  0  0  0  #  0  0  0  0  0  0  0  0  0  0  0  0  0  #  0  0  0  0  #  0  0  0  0  0  0
  0  0  0  0  0  0  0  0  0  0  0  0  #  0  0  0  0  0  0  0  0  0  0  0  0  #  0  0  #  0  0  0  0  0  0  0  0  0  0  0  0  2  #  0  0  0  0  0  0  0  0  #  0  0  0  0  0  0  0  #  0  0  0  0  0  0  0  #  #  .  #  0  0  #  0  0  0  0  0  #  0  0  0  0  0  0  #  2  0  0  0  0  0  0  0  0  0  0  0  0  0  0  0  0  0  0  0  0  0  0  #  2  0  0  0  0  0  0  #  0  0  0  0  0  0  0  0  0  0  0  0
  0  0  0  0  #  0  0  0  0  0  0  0  0  0  #  0  0  0  0  0  #  0  0  0  0  0  0  0  0  0  0  0  0  0  0  0  0  0  0  0  0  #  #  0  0  0  0  0  0  0  0  0  0  0  0  0  0  0  0  0  0  0  0  0  0  0  0  0  0  #  0  0  0  0  0  0  0  0  0  0  0  #  0  0  0  0  0  #  0  #  0  0  0  0  0  0  0  0  0  0  #  0  0  0  0  0  0  0  0  #  0  #  0  0  0  0  0  0  0  0  0  0  0  0  0  0  0  0  0  0  0
  0  0  0  0  0  #  #  0  0  0  0  #  0  0  #  #  0  0  0  0  2  #  0  0  0  0  0  0  0  0  0  0  0  0  0  0  0  0  0  0  0  0  0  0  0  0  #  0  0  #  0  0  0  2  #  0  0  0  0  0  0  0  0  0  0  0  0  0  0  0  0  #  0  #  #  0  #  0  0  0  0  0  0  0  0  0  #  0  0  0  0  0  0  0  0  0  0  0  0  0  0  0  0  #  0  0  0  0  0  0  0  0  0  0  0  0  0  0  0  0  0  0  0  0  0  0  0  0  0  0  0
  0  0  0  0  0  0  0  0  0  0  0  0  0  0  0  0  #  0  0  0  #  0  0  0  0  0  0  0  #  #  0  0  0  0  0  0  0  0  0  0  0  0  0  0  0  0  0  0  0  0  0  0  0  #  .  #  0  0  0  0  0  0  0  0  0  0  0  0  0  0  #  0  0  0  0  0  0  0  0  #  0  0  0  #  0  0  0  0  0  0  0  0  0  0  0  0  0  0  0  0  0  0  0  0  0  0  0  0  0  0  0  0  0  0  0  0  0  0  0  0  0  0  0  #  #  2  2  2  0  0  0
  0  #  0  0  0  #  0  0  #  #  0  0  0  0  #  0  0  0  0  0  #  0  #  0  0  0  0  0  0  #  0  0  0  0  0  0  0  2  #  #  #  0  0  0  0  0  0  0  0  0  #  #  0  0  #  0  0  0  0  0  0  0  0  #  0  0  0  0  0  0  #  0  0  0  0  0  #  0  0  0  0  0  0  0  0  0  0  0  0  0  0  0  0  0  0  0  0  0  0  0  0  #  2  #  #  0  0  #  0  0  0  0  0  0  #  2  0  0  0  0  0  0  0  0  0  #  4  2  0  0  0
  0  0  0  0  0  0  #  0  #  0  0  0  0  0  0  0  0  0  0  0  0  0  0  0  0  #  0  0  0  0  0  0  0  0  0  0  0  #  0  0  0  0  0  0  #  0  2  #  #  0  0  0  0  0  0  0  0  0  2  #  0  0  0  0  0  0  0  0  0  0  0  0  0  0  0  0  0  0  0  0  0  0  0  #  2  2  2  0  0  0  0  0  0  0  0  0  0  0  0  0  0  0  #  #  0  0  0  0  0  0  0  0  0  0  0  #  0  0  0  0  0  0  0  0  0  #  #  #  0  0  0
  0  0  2  #  #  0  0  0  0  0  0  0  0  0  0  0  0  0  #  #  0  0  0  0  0  0  2  #  0  0  0  0  0  0  0  0  0  0  0  0  0  0  0  0  0  0  #  0  0  0  0  #  2  #  0  0  #  0  #  .  #  0  0  0  0  0  0  0  0  0  0  0  0  0  0  0  0  0  0  #  0  #  0  0  #  #  #  0  #  2  0  #  #  0  0  0  0  0  0  0  0  0  0  0  0  0  0  0  0  0  0  #  0  0  #  #  0  0  0  0  0  #  0  0  0  0  0  0  0  0  0
  0  0  #  0  0  #  0  #  0  0  0  0  #  0  #  0  #  0  #  0  #  0  0  0  0  0  #  0  0  0  0  0  0  0  #  0  0  #  0  0  #  0  #  #  0  0  0  #  0  0  0  2  #  0  0  0  0  0  #  #  0  #  0  #  0  0  #  0  0  #  0  0  0  0  #  0  0  0  0  0  0  0  0  0  0  0  #  0  #  #  0  0  0  0  0  0  0  0  0  0  0  0  0  0  0  0  0  0  #  0  0  0  0  0  0  #  0  0  0  #  0  0  0  0  0  0  0  #  2  0  0
  0  0  0  0  0  #  0  0  0  0  0  0  0  0  0  0  0  0  0  0  0  0  #  0  0  0  0  0  0  0  0  0  0  0  0  0  0  0  0  0  0  0  #  0  0  0  0  0  #  0  0  #  0  0  #  0  0  0  #  0  0  0  0  0  #  0  0  0  0  0  0  0  0  0  0  0  0  0  0  0  0  0  0  #  2  0  0  0  0  0  0  0  0  0  0  0  0  0  0  0  0  0  0  0  0  0  #  2  0  0  0  0  0  0  0  0  0  0  0  0  0  0  #  2  0  0  0  0  #  0  0
  0  #  0  0  0  0  0  0  0  0  0  0  0  0  0  0  #  0  #  0  0  0  0  0  0  0  0  0  0  0  0  0  0  #  0  0  0  0  0  0  0  0  0  0  0  0  0  0  #  0  0  0  0  0  0  0  #  0  0  0  #  0  0  0  0  0  0  0  #  0  0  0  0  0  0  0  0  0  0  0  0  0  0  0  #  0  #  2  2  0  0  0  0  0  0  0  0  0  0  0  0  0  0  0  0  0  0  #  0  0  0  0  0  0  0  0  0  0  #  0  0  0  0  #  0  0  0  #  0  0  0
  0  0  0  0  0  0  0  0  0  #  #  0  #  #  0  0  0  0  0  0  0  #  0  0  0  0  0  0  0  0  0  0  0  2  2  #  #  #  0  0  0  0  0  0  0  0  0  0  0  0  0  0  0  2  #  0  0  0  #  0  0  #  0  #  0  0  0  0  #  0  #  0  0  #  0  0  0  0  0  0  0  0  0  0  #  0  #  4  #  0  0  0  0  #  0  0  0  #  0  0  0  0  0  0  0  0  0  0  0  0  #  0  0  0  0  0  0  0  0  0  0  0  0  0  0  0  0  0  0  0  0
  0  0  0  0  0  0  0  0  0  0  0  0  0  0  0  0  0  0  0  #  0  2  #  0  0  0  0  0  0  0  #  0  0  #  #  0  0  0  0  #  0  0  0  0  0  0  0  0  #  0  0  0  0  #  0  0  #  0  0  0  0  0  0  0  0  0  #  0  0  0  0  0  0  0  0  0  0  #  0  0  #  0  0  0  0  0  #  6  #  0  0  0  0  0  0  0  0  0  0  0  0  0  0  0  0  0  0  0  0  0  0  0  0  0  0  0  0  0  0  0  0  #  #  #  0  0  0  0  #  #  0
  0  0  0  0  0  0  0  0  0  0  0  0  0  0  0  0  0  0  0  0  0  #  0  0  0  0  0  0  0  0  0  0  0  0  0  0  #  #  0  0  #  0  0  #  0  0  0  0  0  0  0  0  0  0  0  0  0  0  0  0  0  0  #  0  0  0  0  0  0  0  0  0  0  0  0  0  0  #  0  0  0  0  0  0  0  0  0  #  2  0  0  0  0  #  0  #  2  2  0  0  0  0  0  0  0  0  0  0  0  0  #  #  0  0  0  0  0  0  0  #  0  0  0  0  0  0  0  0  0  0  0
  0  2  #  0  0  0  0  0  0  0  #  0  #  #  0  0  0  0  0  0  0  0  0  0  0  0  0  0  0  0  #  0  0  0  0  0  0  #  0  0  0  0  0  #  0  0  0  0  0  0  2  #  0  0  0  0  0  0  0  0  0  0  0  0  0  0  #  0  0  0  0  0  0  0  0  0  #  0  0  0  0  0  0  0  0  0  0  0  #  0  0  0  0  0  0  0  #  2  0  0  0  0  0  0  0  0  0  0  0  0  0  0  0  0  0  0  0  0  0  0  0  #  0  #  0  0  0  0  0  #  0
  0  #  0  0  0  0  0  0  0  0  0  0  0  0  0  0  #  0  0  0  0  0  0  0  0  0  0  0  0  0  0  0  0  0  0  0  0  0  0  0  0  0  0  0  #  0  0  0  #  0  #  #  0  0  0  0  0  0  0  0  0  0  0  #  0  0  0  0  0  0  0  #  #  2  0  0  0  0  0  0  0  #  0  0  0  0  0  0  0  0  #  0  0  0  0  0  0  #  0  0  #  0  #  0  0  0  0  0  0  0  0  0  0  #  0  0  0  0  0  0  0  0  0  0  0  0  #  0  0  0  0
  0  0  0  #  0  #  0  0  #  0  #  0  #  0  0  0  0  0  0  0  0  0  0  0  0  0  0  0  0  0  0  #  0  0  0  0  #  0  0  0  #  0  0  0  0  0  0  0  0  0  0  0  0  0  0  0  0  #  0  #  0  #  0  #  0  0  0  0  0  0  0  #  4  2  0  0  0  0  0  0  0  0  0  0  0  0  0  0  0  0  0  0  0  #  0  0  0  0  0  0  0  0  0  0  0  0  0  0  0  0  0  0  0  0  0  0  0  0  #  0  0  0  0  0  0  0  0  0  0  0  0
  0  0  0  0  0  0  0  0  0  0  0  0  0  0  0  0  0  0  0  0  0  0  0  0  0  0  0  0  0  0  0  #  0  0  0  0  0  0  0  0  0  #  0  0  0  0  0  0  0  0  0  0  #  0  0  0  0  0  0  0  0  0  0  0  0  0  0  0  0  0  0  0  #  #  0  0  #  0  0  #  0  0  0  0  #  0  #  #  0  0  0  0  0  0  0  #  2  0  0  #  #  0  0  0  #  0  0  0  0  0  0  0  0  0  0  0  0  0  #  0  0  0  0  0  0  0  0  #  0  0  0
  0  0  0  0  #  0  0  0  0  0  0  0  #  #  0  0  0  0  0  0  0  0  0  0  0  0  0  0  0  0  0  2  #  0  0  0  #  #  0  0  0  0  #  0  0  0  0  0  0  0  #  0  0  0  #  0  0  #  0  0  #  0  0  0  0  0  0  #  0  #  0  0  0  0  0  0  #  0  0  0  0  0  0  0  0  0  0  0  0  0  0  0  0  0  0  0  #  0  0  0  0  0  0  0  0  0  0  0  0  0  0  0  0  0  0  0  0  0  0  0  0  0  0  0  0  0  0  #  0  0  0
  0  0  0  0  0  0  0  0  0  2  #  0  0  0  #  0  0  0  0  0  0  0  0  0  0  0  0  0  #  0  0  #  #  0  0  0  0  0  0  0  0  0  #  0  0  0  0  0  0  0  0  0  0  0  0  0  0  0  0  0  0  0  0  0  0  0  0  0  0  0  0  #  2  0  #  #  0  0  0  0  0  0  #  #  #  0  0  0  0  0  0  #  2  2  0  0  0  0  0  0  #  0  0  0  #  0  0  0  0  0  0  0  0  0  0  0  0  0  0  #  #  0  #  2  0  0  0  0  0  0  0
  0  2  2  #  0  0  0  0  0  #  0  0  0  0  0  0  0  0  0  0  0  0  0  #  0  #  0  0  0  0  0  0  #  0  0  0  0  0  0  0  0  0  0  0  0  2  #  0  #  0  0  0  0  0  0  0  #  #  0  0  0  0  0  0  0  0  #  0  0  0  0  #  #  0  0  0  0  0  0  0  0  0  0  0  0  0  0  0  0  0  0  0  #  2  0  0  0  0  0  0  0  0  #  0  0  0  0  0  0  0  0  0  0  0  0  0  #  #  2  0  0  0  #  #  0  0  0  0  0  0  0
  0  #  #  0  0  0  0  0  0  0  0  #  0  0  0  0  0  0  0  0  0  0  0  #  0  0  0  0  0  0  0  0  0  0  #  0  0  0  0  0  0  0  0  0  0  #  #  0  0  0  0  0  0  0  0  0  0  0  0  0  0  0  #  0  0  0  0  0  0  0  0  0  0  0  0  #  0  0  #  0  0  #  0  0  0  0  0  0  0  0  #  0  0  #  0  0  0  0  0  0  0  #  0  0  #  0  0  0  0  0  0  0  0  0  0  0  0  0  #  0  0  0  0  0  0  0  0  0  0  0  0
  0  0  0  0  0  0  0  0  0  0  0  0  0  0  0  0  0  0  0  0  0  0  0  0  0  0  #  0  0  0  0  #  0  0  0  0  0  0  #  0  0  0  0  0  0  0  #  0  0  #  0  0  0  0  0  #  2  #  2  #  0  0  0  0  0  0  0  0  #  0  0  0  0  0  0  0  0  0  0  0  0  0  0  0  0  #  #  0  0  0  0  0  0  #  0  #  0  #  0  0  #  #  0  0  0  0  0  0  0  0  0  0  0  0  0  0  0  0  0  0  #  0  0  0  0  0  0  #  0  0  0
  0  #  0  #  #  #  2  #  0  0  0  0  0  0  0  0  0  0  0  0  0  0  0  0  #  0  0  #  0  0  0  0  0  0  0  0  0  0  0  0  0  0  #  #  0  0  0  #  0  0  0  0  0  0  0  0  #  .  #  0  0  0  0  0  0  0  0  0  #  0  0  0  0  #  #  0  0  0  0  0  0  0  0  #  0  0  0  0  0  0  0  0  0  0  0  0  0  0  0  0  0  0  0  0  0  0  0  0  0  0  0  0  0  0  0  0  0  0  0  #  #  0  0  0  0  0  0  0  0  0  0
  0  0  0  0  #  0  #  0  0  0  0  0  0  0  0  0  0  0  #  0  0  0  0  0  0  0  0  0  0  0  0  0  0  0  0  0  #  0  0  #  0  0  0  0  0  0  0  0  0  0  0  0  0  0  0  0  0  #  0  0  0  0  0  #  #  0  0  0  0  0  0  0  0  #  #  0  0  0  0  0  0  0  0  0  0  0  0  0  0  0  0  0  0  0  0  0  0  0  0  0  0  #  #  0  0  0  0  0  #  0  0  0  0  0  0  0  0  0  0  0  0  0  0  0  0  0  0  0  0  0  0
  0  0  0  0  0  0  0  0  0  0  0  0  0  0  0  0  0  0  0  #  0  0  0  0  0  0  0  #  #  #  0  0  0  0  0  0  0  0  0  0  0  0  0  0  0  0  0  0  0  0  0  #  0  0  0  0  0  0  #  0  0  0  0  0  0  0  #  0  0  0  #  #  0  0  0  0  0  0  0  0  0  0  #  0  0  0  0  0  0  0  0  0  0  0  #  0  0  0  0  0  0  0  0  0  #  0  0  0  #  0  #  0  #  0  0  0  0  0  0  0  0  0  0  0  0  0  0  0  0  0  0
  0  0  0  0  0  0  0  0  0  0  0  0  0  0  0  0  0  0  0  2  2  #  0  0  #  0  0  0  0  0  #  0  0  0  0  0  0  0  0  0  0  0  0  0  0  0  0  0  0  0  0  0  0  0  0  #  0  0  0  0  0  0  0  0  0  0  0  0  0  #  0  0  0  0  0  0  0  0  0  0  0  0  0  0  0  0  0  0  0  #  2  2  2  2  2  0  0  0  #  #  #  0  #  #  0  0  0  0  0  0  0  0  0  0  0  0  0  0  0  0  0  0  0  0  0  0  0  0  #  0  0
  0  0  0  0  0  0  #  0  0  0  0  0  0  0  0  0  0  0  0  2  #  0  0  0  0  0  0  0  0  0  0  0  0  0  0  0  0  0  0  #  #  #  0  0  0  #  #  0  0  0  0  0  0  0  0  0  0  2  #  0  0  0  #  0  0  0  0  0  0  0  0  0  0  #  0  0  0  0  0  0  0  0  0  0  0  0  0  0  0  0  #  #  4  4  2  0  0  0  0  0  0  0  0  0  0  0  #  #  0  0  0  0  0  0  0  0  0  0  0  0  0  0  0  0  #  #  0  0  0  0  0
  0  0  0  0  0  0  0  0  0  0  0  0  0  0  0  0  0  0  0  #  0  0  0  0  0  0  0  #  0  0  0  0  0  0  0  0  0  0  0  0  0  0  0  0  0  #  0  #  0  0  0  #  0  0  0  0  0  #  0  #  0  0  0  #  0  0  0  0  0  #  2  #  0  0  0  0  #  2  0  0  0  0  0  #  2  2  0  0  0  #  0  0  #  4  2  0  #  0  0  #  0  0  0  #  0  #  #  0  0  0  #  0  0  0  0  0  0  0  0  0  0  0  0  0  0  0  0  #  0  #  0
  0  #  #  0  0  0  0  0  0  0  0  0  0  0  0  0  0  #  0  0  #  0  0  0  #  0  0  0  0  0  0  0  0  0  0  0  0  0  0  0  0  0  0  0  0  0  0  0  0  0  0  0  0  0  0  0  0  0  0  0  0  #  0  0  0  0  0  0  0  0  #  0  0  0  0  #  0  #  0  #  2  0  0  #  4  2  0  #  2  0  0  0  0  #  2  0  0  0  0  0  0  0  0  0  0  0  0  0  0  0  0  0  0  0  0  0  0  0  0  0  0  0  0  0  0  0  #  2  0  #  0
  0  0  0  #  0  0  0  0  0  0  0  0  0  0  0  0  0  0  0  0  2  #  0  0  0  0  0  0  #  0  2  #  0  0  0  #  0  0  0  #  #  #  2  #  0  2  #  #  0  0  0  0  0  0  0  0  0  0  0  0  0  0  0  0  0  0  0  0  #  0  0  0  0  0  0  0  0  0  0  0  #  0  0  #  #  #  0  0  #  0  #  0  0  0  #  0  0  0  0  0  #  0  #  #  2  #  0  0  0  0  0  0  0  0  0  0  0  0  0  0  0  0  0  0  0  0  0  #  0  0  0
  0  0  0  0  0  0  0  0  0  0  0  0  0  0  0  0  0  0  #  0  #  0  0  0  0  0  0  0  0  0  2  #  #  #  0  0  0  0  0  0  0  2  #  0  0  #  .  #  0  0  0  0  0  0  0  0  0  0  0  0  0  0  0  0  0  0  0  0  0  0  0  0  0  0  0  0  0  0  0  0  0  0  0  0  0  0  0  0  0  0  0  0  0  0  0  0  0  0  0  0  0  0  0  0  #  0  0  0  0  0  0  0  #  0  #  0  0  #  #  0  0  0  0  0  0  0  0  #  0  #  0
  0  0  0  0  0  0  0  0  0  0  0  0  0  0  0  0  0  0  0  0  0  0  0  #  0  0  0  0  0  0  #  0  0  #  2  #  0  0  0  0  0  2  #  0  0  2  #  0  0  0  0  0  0  0  0  0  #  0  0  0  0  #  0  0  #  0  0  0  #  0  0  #  0  0  0  0  0  0  0  0  #  0  0  0  #  0  0  #  0  0  0  0  0  0  0  0  0  0  0  #  0  0  0  0  0  0  0  0  0  0  0  0  0  0  0  0  0  0  0  0  0  0  0  0  0  0  0  0  0  0  0
  0  0  0  0  0  0  0  0  0  0  0  0  0  0  0  #  0  0  0  0  0  0  0  0  0  0  0  0  0  0  0  #  0  0  #  0  0  #  0  0  0  2  #  0  0  #  #  0  0  0  0  2  #  0  0  0  0  0  0  0  0  #  0  0  #  0  0  0  0  0  0  0  0  0  0  0  0  0  0  0  0  0  0  0  #  0  #  0  0  0  0  0  0  0  0  0  #  2  2  0  0  0  0  0  0  0  0  0  #  2  2  0  0  0  #  0  0  0  #  0  0  0  0  0  0  0  0  0  0  #  0
  0  0  0  0  0  0  0  0  0  0  0  0  0  0  0  0  0  0  0  0  0  #  0  0  0  0  0  0  0  0  0  0  0  0  0  0  0  0  0  0  0  #  0  0  0  0  0  #  0  0  0  #  0  0  0  0  #  0  0  0  0  0  0  0  0  0  0  0  #  0  0  0  0  0  0  0  0  0  0  0  0  0  0  0  0  0  0  0  #  #  0  0  0  0  0  0  0  #  #  0  0  0  0  #  2  2  0  0  0  #  #  0  0  0  #  0  0  0  0  0  0  0  0  0  0  0  0  0  0  0  0
  0  0  0  0  0  0  0  0  0  0  0  0  0  0  #  #  2  2  2  #  0  0  #  0  0  0  #  0  0  0  0  #  0  0  #  0  0  0  0  0  0  #  0  0  0  0  0  0  0  #  0  0  0  0  0  0  #  0  0  #  0  0  0  0  0  0  0  0  0  0  0  0  0  0  0  0  0  0  0  0  0  0  0  0  0  0  0  0  0  0  0  0  0  #  0  0  #  0  0  0  #  0  0  0  #  #  0  0  0  0  0  0  0  0  0  0  #  2  2  0  0  0  0  #  0  0  0  0  0  0  0
  0  0  0  0  0  0  0  0  0  0  0  0  0  0  0  0  #  #  #  0  0  0  0  0  0  0  0  0  0  0  0  0  0  0  0  0  0  0  #  0  0  #  0  0  0  0  0  0  0  0  0  0  0  #  0  0  0  0  0  0  #  0  #  0  #  0  0  0  0  0  #  0  0  0  0  0  0  0  0  0  0  0  #  0  #  0  #  0  0  0  0  #  0  0  0  0  0  0  0  0  0  0  0  0  0  0  0  #  0  0  0  0  0  0  0  0  0  #  #  0  0  0  0  0  0  0  0  0  0  0  0
  0  0  0  0  0  #  0  0  0  0  0  0  0  0  0  0  0  0  #  0  0  0  0  0  0  0  #  0  0  0  0  0  0  0  #  0  0  0  0  0  0  #  0  0  0  0  0  0  0  0  0  0  0  0  0  0  #  0  0  0  0  0  0  0  0  0  0  0  0  0  0  0  #  0  #  0  0  0  0  0  0  0  0  0  0  0  0  0  0  #  0  0  0  0  0  0  0  0  0  0  #  #  0  0  0  0  #  0  0  0  #  #  0  0  0  0  0  0  #  0  0  0  0  #  #  0  0  0  0  0  0
  0  0  0  0  0  0  0  0  0  0  0  0  0  0  0  0  0  0  0  0  0  0  0  0  0  0  0  0  0  0  0  0  0  0  0  0  0  0  0  0  0  0  0  0  0  0  0  0  0  0  0  0  0  0  0  0  0  0  0  0  0  0  0  0  0  S  0  0  0  0  0  0  0  0  0  0  0  0  0  0  0  0  0  0  0  0  0  0  0  0  0  0  0  0  0  0  0  0  0  0  0  0  0  0  0  0  0  0  0  0  0  0  0  0  0  0  0  0  0  0  0  0  0  0  0  0  0  0  0  0  0
  0  0  0  0  0  0  0  0  0  #  0  0  0  0  0  0  0  #  0  0  0  0  0  0  #  0  0  #  #  0  0  0  0  0  0  0  0  0  0  0  0  0  0  0  0  #  0  0  0  0  0  0  #  0  0  0  0  0  0  0  0  0  0  0  0  0  #  0  #  #  #  0  0  0  0  0  0  0  0  0  0  0  0  0  #  0  0  #  0  0  0  #  0  0  0  0  0  0  #  0  0  0  0  0  0  0  0  0  0  0  #  0  0  0  0  0  0  #  0  0  0  0  #  #  0  0  0  0  0  0  0
  0  0  0  0  0  0  0  0  0  2  #  0  0  0  0  0  0  #  #  0  #  0  0  0  0  0  0  #  0  0  0  #  0  0  0  0  0  0  0  0  #  0  0  0  0  0  0  0  0  0  0  0  #  0  0  0  0  0  0  0  0  0  0  0  0  0  0  # 14 12 12  #  #  0  0  #  0  0  0  0  0  0  0  0  0  #  #  2  0  0  0  0  0  0  0  0  #  0  0  0  0  #  0  0  0  #  0  0  0  0  0  0  0  0  0  0  0  0  0  0  0  0  0  0  0  0  0  0  0  0  0
  0  0  0  0  0  0  0  0  0  0  0  0  0  0  0  0  0  0  0  0  0  0  #  0  0  0  0  #  0  0  0  0  0  0  #  0  0  #  0  0  0  0  0  #  0  0  #  0  0  0  0  0  0  0  0  0  0  0  #  0  0  0  0  #  0  0  # 14 12 10  #  4  2  0  0  0  0  0  0  #  0  #  0  0  0  0  0  0  0  0  0  0  0  #  #  #  2  0  0  0  0  0  0  0  0  #  0  0  #  0  #  #  0  0  #  0  0  #  0  0  0  0  0  0  0  0  0  0  0  0  0
  0  0  0  0  0  0  0  0  #  0  #  0  0  0  0  0  0  0  0  0  0  0  0  0  0  #  0  #  0  0  0  0  0  0  0  0  0  #  0  0  0  0  0  #  #  0  2  #  0  0  0  0  0  0  0  #  0  0  0  0  0  0  0  0  0  0  0  # 10  8  6  4  2  0  0  0  0  0  0  0  #  2  0  0  0  0  #  0  0  0  0  0  0  #  4  #  2  0  0  0  0  0  0  #  0  0  0  0  #  0  0  0  0  0  0  0  #  #  #  0  0  0  0  0  0  0  0  0  0  0  0
  0  0  0  0  0  0  0  0  0  0  0  0  0  #  0  0  0  0  0  0  #  0  0  0  #  #  0  2  #  0  0  0  0  0  0  0  0  0  0  0  #  0  0  0  0  0  0  0  0  0  0  0  0  0  0  0  0  0  0  0  0  0  0  0  0  0  0  0  #  8  #  4  2  0  #  0  0  #  0  0  0  0  #  #  0  0  0  0  0  0  0  0  0  #  2  #  2  #  0  0  0  0  0  0  0  0  0  0  0  0  0  #  0  0  0  0  0  0  0  0  #  0  0  0  0  0  0  0  0  #  0
  0  0  #  0  0  0  0  0  0  0  #  0  0  #  0  0  #  0  0  #  0  0  0  0  0  0  0  0  0  0  0  0  0  0  0  #  0  #  0  0  #  0  #  0  0  0  0  0  0  0  0  #  0  0  0  #  0  0  0  0  0  0  0  0  0  0  0  #  8  6  6  #  2  #  2  0  0  #  0  0  0  0  0  0  0  0  0  0  0  0  0  0  0  0  0  0  0  0  0  0  0  0  #  0  0  0  0  0  #  0  0  0  0  0  0  0  #  0  #  0  0  0  0  0  0  0  0  0  0  0  0
  0  0  0  0  0  0  0  0  0  0  0  0  0  0  0  0  0  0  0  0  0  0  0  0  0  0  0  0  0  0  0  0  0  0  0  0  0  #  0  0  #  0  0  0  #  0  0  0  0  #  0  2  #  0  0  0  0  #  0  0  0  0  0  #  0  0  #  .  #  4  4  4  #  4  2  0  0  0  0  0  0  0  0  0  0  0  0  0  0  0  #  0  0  0  #  0  #  0  0  #  0  #  2  0  0  0  0  #  #  0  0  0  0  0  0  0  0  0  0  0  0  0  0  0  0  0  0  0  0  #  0
  0  #  0  0  0  0  0  0  0  0  0  0  0  0  0  0  0  0  0  0  0  0  0  0  0  0  0  0  0  0  0  0  0  0  0  #  0  0  0  #  0  0  0  #  0  0  0  0  0  #  0  #  #  0  0  0  0  0  0  0  0  0  0  0  0  0  0  #  #  2  2  2  2  2  2  0  0  0  #  0  0  0  0  0  0  0  0  #  0  0  0  0  0  0  0  0  0  0  0  #  #  2  2  0  0  0  0  #  2  0  #  0  0  0  0  0  0  0  0  0  0  0  0  0  0  0  0  0  0  #  0
  0  0  0  0  0  #  0  0  0  0  0  0  0  0  #  0  0  0  0  0  0  0  0  0  0  0  0  0  0  0  0  #  0  0  0  0  0  0  #  2  #  0  0  0  0  0  0  0  0  0  0  0  0  0  0  0  0  0  0  0  0  0  0  0  #  0  0  0  0  0  #  2  2  2  2  0  0  0  0  0  #  0  0  0  0  0  0  #  0  0  0  0  0  0  0  #  0  0  0  0  0  0  0  0  0  0  0  0  0  0  0  0  #  0  0  0  0  0  0  0  0  0  0  0  0  #  #  0  #  2  0
  0  0  0  #  0  0  0  0  0  0  0  0  0  0  0  0  0  0  0  0  0  0  0  0  0  #  0  #  0  0  0  0  0  #  0  0  #  0  0  0  0  0  0  0  0  #  0  0  #  0  0  #  0  0  0  #  #  0  0  0  0  #  0  0  0  0  0  0  0  0  0  0  0  0  0  0  #  #  0  0  0  0  0  0  0  #  #  2  0  0  0  0  0  0  0  #  0  0  0  0  0  0  #  0  0  0  #  #  #  0  0  0  0  0  0  0  0  0  0  0  0  0  0  0  0  0  #  0  0  #  0
  0  0  0  0  0  0  #  0  0  0  0  0  0  0  0  0  0  0  #  0  0  0  0  0  0  2  #  0  0  0  0  0  0  0  0  0  0  0  0  0  0  0  0  0  0  0  0  0  0  0  #  0  0  0  0  #  0  0  0  0  #  0  0  0  0  0  #  0  0  #  #  0  0  0  0  #  2  2  0  #  #  0  0  0  0  0  0  #  0  0  0  0  0  0  0  0  0  #  0  0  0  0  0  0  0  0  0  #  2  #  0  #  0  0  0  #  0  0  0  0  0  0  0  0  0  #  2  0  0  #  0
  0  0  0  0  0  0  0  0  0  0  0  0  0  0  0  0  0  0  #  #  0  0  0  0  0  0  0  0  #  0  0  0  0  #  0  #  0  #  0  0  0  0  0  0  #  0  0  0  0  #  0  0  #  0  #  0  0  0  0  0  #  0  0  0  0  0  0  #  0  0  0  0  0  0  0  0  0  0  0  0  0  0  0  0  0  0  0  0  0  0  0  0  #  0  0  0  0  #  #  0  0  0  0  0  0  0  0  0  0  0  0  0  0  0  0  0  0  0  0  0  0  0  0  0  0  #  2  0  0  0  0
  0  0  0  0  0  #  0  0  #  0  0  0  0  0  0  0  0  0  0  0  0  0  0  #  0  0  #  #  0  0  0  0  0  0  0  0  0  #  #  0  0  0  0  0  #  0  0  0  0  0  0  0  0  0  0  0  0  0  0  0  2  #  0  #  #  0  0  0  0  0  0  #  0  0  0  0  0  #  0  0  0  0  0  0  0  0  0  0  0  0  0  0  0  #  0  0  #  2  #  #  0  0  0  0  0  0  #  0  0  0  #  0  #  0  0  0  0  0  0  0  0  0  0  0  0  0  0  0  0  0  0
  0  0  0  #  0  0  0  0  0  0  0  0  0  0  0  0  0  0  0  0  #  0  0  0  0  0  0  0  0  0  #  #  0  0  0  0  0  2  #  0  #  0  0  0  #  0  0  0  0  0  #  0  0  0  0  #  0  0  0  #  0  0  0  2  #  0  0  0  0  0  0  0  0  0  0  0  0  0  #  0  0  #  0  0  0  0  0  0  0  0  0  0  0  0  0  0  0  0  0  0  0  0  0  0  0  0  0  0  0  0  0  #  2  0  0  0  0  0  0  0  #  0  0  0  0  0  0  0  0  0  0
  0  #  #  #  0  0  #  0  0  0  0  0  0  0  0  0  0  0  0  0  #  0  0  0  0  0  0  0  #  #  0  0  0  0  0  0  0  0  0  0  0  0  0  0  #  #  0  0  0  0  0  0  0  0  0  0  0  0  0  0  0  0  0  0  0  0  0  0  0  0  0  0  0  0  0  0  #  0  0  0  0  0  0  0  0  0  0  0  0  0  0  0  #  0  0  0  0  0  #  0  0  0  0  0  #  0  0  0  0  #  0  0  0  0  0  0  0  0  0  0  0  0  0  0  0  0  0  0  0  0  0
  0  0  0  0  0  0  #  0  0  0  0  0  0  0  0  0  0  0  0  0  0  0  0  0  0  0  0  0  0  0  0  0  0  0  0  0  0  0  0  0  0  0  0  0  0  0  0  0  0  0  0  0  #  #  #  #  0  0  0  0  0  0  0  0  0  0  #  0  0  0  0  0  0  0  0  0  0  0  0  0  #  0  0  0  0  0  0  0  0  0  0  0  0  0  0  0  0  0  0  0  0  0  #  #  2  0  0  0  0  0  0  0  0  0  0  0  0  0  0  0  #  0  0  0  #  0  0  0  0  #  0
  0  0  0  0  0  0  #  0  0  0  #  0  0  #  0  0  0  0  0  0  0  #  0  0  #  0  0  0  0  #  0  0  0  0  0  0  0  0  #  0  0  0  0  0  0  0  #  #  0  0  #  0  0  0  0  0  0  0  0  0  0  0  0  0  0  0  0  #  0  0  0  0  0  0  0  #  0  0  #  0  0  #  0  0  0  0  0  0  #  0  #  0  0  #  0  0  0  0  0  0  #  #  2  2  2  0  0  0  0  0  0  0  0  0  0  0  0  0  0  0  0  0  0  0  #  0  0  0  0  0  0
  0  0  0  0  0  0  0  0  #  #  0  0  0  0  0  0  0  0  0  0  0  0  0  0  2  #  0  0  0  0  0  #  0  0  0  0  0  #  #  0  0  #  #  0  0  0  0  0  0  0  2  #  #  #  0  0  0  0  0  0  0  0  0  0  0  0  0  0  0  0  0  0  0  0  0  0  0  0  #  0  #  2  0  0  0  0  0  #  2  0  0  #  0  0  0  0  0  #  0  0  0  0  0  0  0  0  #  0  0  0  0  0  0  0  0  0  0  #  #  #  0  0  0  0  0  0  0  #  0  0  0
  0  0  0  0  0  0  0  0  0  0  0  0  0  0  0  0  0  0  0  0  0  0  0  0  0  0  0  0  0  0  0  0  0  0  #  #  0  0  0  0  0  0  0  0  0  0  #  0  0  0  0  0  0  0  0  0  #  0  0  0  0  #  0  0  0  0  0  #  0  0  0  0  0  0  0  0  #  0  0  0  0  0  0  #  0  0  0  0  0  0  0  #  0  0  0  0  #  2  0  0  #  0  0  0  0  0  0  0  0  0  0  0  0  0  0  0  0  0  0  0  0  0  0  0  0  0  0  0  0  0  0
  0  0  #  0  0  0  0  0  0  #  0  0  0  0  0  0  0  0  0  0  0  0  0  0  0  0  #  0  0  0  0  0  0  0  0  0  0  #  0  0  0  #  0  #  0  #  0  0  0  0  0  0  0  0  0  0  #  #  0  0  0  #  0  0  0  0  #  2  0  0  0  0  0  0  0  0  0  0  0  0  0  0  0  0  0  0  0  0  0  0  0  0  0  0  #  0  0  0  0  0  #  0  0  0  0  0  0  0  0  0  0  0  0  0  0  #  0  #  0  0  0  0  0  0  0  0  0  #  0  0  0
  0  0  0  0  0  #  0  0  0  0  0  0  #  0  0  0  0  #  0  0  0  0  0  0  0  0  0  0  0  0  0  0  0  #  0  0  0  0  0  #  0  0  0  0  0  0  0  0  #  0  #  0  0  0  0  0  2  #  0  0  #  0  0  0  0  0  0  0  0  0  0  0  0  0  0  #  0  #  0  0  0  0  0  0  0  0  0  0  #  #  0  0  0  0  0  0  0  0  0  0  0  0  #  #  #  0  0  0  0  0  0  0  0  0  0  0  0  0  #  0  0  0  #  0  0  0  0  0  0  #  0
  0  0  0  0  0  2  #  0  0  0  0  0  0  0  0  0  0  2  #  0  0  0  0  0  0  0  #  0  0  0  0  0  0  0  0  0  0  0  0  0  0  0  0  0  0  0  0  0  #  #  2  #  0  0  #  0  2  #  0  0  0  0  0  0  0  0  0  0  0  #  0  0  0  0  0  0  #  2  0  0  0  0  0  0  0  #  #  0  0  0  0  0  0  0  #  #  0  #  0  0  #  0  0  0  0  0  0  0  0  0  0  0  0  0  0  0  #  #  2  0  #  0  0  0  0  0  0  0  0  0  0
  0  0  0  #  0  0  0  0  0  0  0  0  0  0  0  0  0  0  0  0  0  0  0  0  0  0  0  0  #  0  0  0  0  0  0  0  0  #  0  0  0  0  0  0  0  #  0  0  #  0  0  0  0  0  2  #  0  0  0  #  0  0  0  #  0  0  #  0  0  0  0  0  0  0  0  0  0  0  0  0  0  0  0  0  0  0  0  0  0  #  0  0  0  #  2  #  0  0  0  0  #  0  0  0  0  0  0  0  0  0  0  0  0  0  0  0  0  0  0  #  #  0  #  0  #  0  0  0  0  #  0
  0  0  0  #  0  #  0  0  #  0  0  0  0  0  #  0  0  0  0  #  0  0  0  0  0  0  0  0  2  #  #  0  0  0  0  #  0  2  #  0  0  #  0  0  0  0  0  #  #  0  #  0  0  0  0  0  0  0  0  0  0  0  0  0  0  0  0  0  0  0  0  0  0  0  0  0  0  0  0  0  0  0  0  0  0  0  0  0  0  #  0  #  0  0  0  0  0  0  0  0  0  0  0  0  0  0  0  0  0  0  0  #  0  0  0  0  0  0  0  0  0  #  2  #  2  0  0  #  0  0  0
  0  0  0  0  0  0  0  0  0  0  0  0  #  0  #  0  0  0  0  0  0  #  0  0  0  0  0  0  2  4  6  #  0  0  0  0  0  0  0  0  0  2  #  #  0  0  0  2  #  0  0  0  0  0  0  0  0  0  0  0  0  0  0  0  0  0  0  0  #  0  0  0  #  0  0  0  0  0  0  0  0  0  0  0  0  0  0  0  0  0  0  0  0  0  0  0  0  0  0  0  0  0  0  0  0  0  0  0  0  0  #  2  0  0  0  #  0  0  0  0  0  0  0  0  0  #  0  0  0  0  0
  0  #  0  0  0  0  0  0  0  0  0  #  2  #  0  0  0  0  0  0  0  0  0  0  0  0  0  0  2  2  #  0  0  0  0  0  0  0  0  0  0  0  0  0  0  #  0  0  0  0  0  0  0  #  0  0  0  0  0  0  0  0  0  0  0  0  0  0  0  #  0  0  0  0  0  0  0  0  0  0  #  0  0  0  0  #  0  0  #  0  0  0  0  0  #  0  0  0  0  #  0  0  0  0  0  0  0  0  0  0  0  0  0  0  0  #  0  #  0  0  0  0  0  0  0  0  0  0  0  #  0
  0  0  0  0  #  0  0  0  0  0  #  0  0  0  0  0  #  0  #  0  0  0  0  0  0  0  0  0  0  0  0  0  0  0  0  0  0  #  #  0  0  0  #  0  #  #  #  0  0  0  0  0  0  0  0  0  0  0  0  0  #  0  0  #  0  0  0  0  0  0  0  0  0  0  0  0  0  0  0  0  0  0  0  0  0  0  0  0  0  0  0  0  0  0  0  0  0  0  0  0  0  0  0  0  0  0  0  0  0  0  0  0  #  0  0  0  0  0  #  0  0  #  #  0  0  0  0  0  0  0  0
  0  0  0  0  #  0  0  0  0  0  #  0  0  0  0  #  0  0  0  0  0  #  0  0  0  0  0  0  0  0  0  0  0  #  0  0  0  2  2  #  #  0  0  0  0  0  0  0  0  #  0  0  0  #  0  0  0  0  0  #  0  0  0  2  #  0  0  #  0  0  #  0  0  0  0  0  0  0  0  0  0  0  0  0  0  0  0  0  0  0  0  0  0  0  0  0  0  0  0  0  0  0  0  0  0  0  #  0  0  0  0  0  0  0  0  #  0  0  0  0  0  0  0  #  0  #  0  0  0  0  0
  0  0  #  #  0  0  0  0  #  0  0  0  0  0  0  0  0  0  0  0  #  0  0  #  0  0  0  0  0  0  0  0  0  0  0  0  #  0  0  0  0  0  0  0  0  0  0  0  0  0  0  0  0  #  0  0  0  0  0  2  #  0  0  0  0  0  #  2  0  0  0  0  0  0  0  0  0  0  #  0  0  0  0  0  0  0  0  0  0  #  0  0  0  0  0  0  0  #  0  0  0  0  0  0  0  0  #  0  0  0  0  0  0  0  0  0  0  0  0  0  #  0  0  0  0  0  0  0  0  0  0
  0  0  0  0  0  0  0  0  #  0  0  #  0  0  0  0  0  0  0  #  0  0  0  0  0  #  0  0  0  0  0  0  0  0  0  0  0  0  0  0  0  0  0  0  0  0  #  #  0  0  0  0  0  0  0  0  0  0  0  0  0  0  0  #  0  0  0  0  0  0  0  0  0  0  0  0  #  0  0  0  0  #  0  0  0  0  0  0  #  2  0  0  0  0  0  0  0  0  0  0  0  0  0  0  0  #  2  #  0  0  0  0  #  #  0  0  #  0  #  0  0  0  0  0  0  #  0  0  0  #  0
  0  0  0  0  0  0  0  0  #  0  #  0  0  #  0  0  0  0  0  0  0  0  0  0  #  0  0  0  0  0  0  0  0  0  0  0  0  0  0  0  0  #  0  0  0  0  2  4  #  0  0  0  0  0  0  0  0  0  0  #  0  0  0  0  0  0  #  0  0  #  0  #  0  0  0  0  #  0  0  0  #  2  0  0  0  0  0  0  0  0  #  0  0  0  0  0  0  0  0  0  0  0  0  0  0  0  0  0  0  0  0  0  0  0  0  0  0  0  0  0  0  #  0  0  0  0  0  0  0  0  0
  0  0  0  0  #  0  0  0  0  0  #  0  0  #  0  0  0  #  0  0  #  0  #  0  2  #  0  0  0  0  0  0  0  0  0  0  0  #  0  0  #  .  #  0  #  0  #  #  #  0  0  0  0  #  0  #  0  0  0  0  0  0  0  0  0  0  0  #  #  2  0  0  0  0  0  0  0  #  0  0  0  0  0  0  0  0  0  #  0  #  2  0  0  0  0  0  0  0  0  0  0  0  0  0  0  #  0  #  0  0  0  0  0  0  0  0  0  0  0  0  0  0  0  0  0  0  0  0  0  0  0
  0  0  0  0  0  0  0  0  #  0  0  0  0  0  0  0  0  #  0  0  0  0  #  0  0  0  0  0  0  0  0  0  0  0  0  0  0  0  0  0  2  #  0  0  0  0  0  0  0  0  0  0  0  #  0  0  0  0  0  0  0  0  0  0  0  0  0  0  #  #  0  0  0  0  0  0  0  0  0  #  0  #  0  0  0  0  0  0  0  0  0  0  0  0  0  0  0  0  0  0  0  #  0  0  0  0  0  0  0  0  0  #  0  0  0  0  0  0  0  0  0  0  0  0  0  #  0  0  0  #  0
  0  #  #  0  0  0  0  0  0  0  0  0  0  #  0  0  0  0  0  0  0  #  2  #  0  0  0  0  0  0  0  0  0  0  0  0  0  0  #  #  0  0  0  0  0  0  0  0  0  0  0  0  0  2  #  0  0  0  0  0  0  #  0  0  0  0  #  0  0  0  0  0  0  0  0  0  0  0  0  0  #  2  0  0  0  0  0  0  0  0  #  0  #  0  0  0  0  0  0  0  0  0  0  #  0  0  0  #  0  #  0  0  0  0  0  0  0  0  #  0  0  0  0  0  0  0  0  0  0  0  0
  0  0  0  0  #  0  0  0  0  #  0  0  0  0  0  0  0  0  #  0  0  0  0  0  0  #  0  0  0  0  0  0  0  0  0  0  0  0  0  0  0  0  #  0  0  0  #  #  0  0  0  #  0  0  0  0  0  0  0  0  0  0  0  0  0  0  #  0  0  0  0  0  0  0  0  0  0  0  0  0  0  0  0  0  #  0  #  0  0  0  0  0  0  0  0  0  0  0  0  #  0  0  0  0  0  0  0  0  0  0  0  0  0  #  0  0  0  0  0  0  #  0  0  0  0  0  0  0  #  0  0
  0  0  0  #  0  0  0  0  0  0  0  0  0  0  0  #  0  0  2  #  0  0  0  0  0  0  0  0  0  0  0  0  0  0  0  0  0  0  0  0  0  0  0  0  0  0  2  #  0  0  0  2  #  0  0  0  0  0  0  #  0  #  #  #  #  0  0  0  0  0  0  0  #  0  0  0  0  0  #  0  0  0  0  0  0  0  0  0  #  0  0  0  0  0  0  0  0  0  0  0  #  0  0  #  0  0  #  0  0  0  #  #  0  #  0  0  0  0  0  0  0  #  0  0  0  0  0  0  0  0  0
  0  0  0  0  0  0  0  0  0  0  0  0  0  0  0  2  #  0  0  0  0  #  #  0  0  #  0  #  0  #  0  #  0  0  0  0  0  0  0  0  0  0  0  0  0  0  2  #  0  0  0  0  0  0  0  #  #  #  0  2  #  0  0  0  0  0  0  0  0  0  0  0  0  0  0  0  0  #  2  0  0  0  0  0  0  0  0  0  0  0  0  0  0  0  0  0  0  #  #  #  2  0  0  0  0  0  0  #  0  0  0  #  #  #  0  #  0  #  0  0  0  0  0  0  #  0  0  0  0  0  0
  0  0  0  0  #  0  #  0  0  #  0  0  #  0  0  0  0  0  0  0  #  0  0  0  0  0  0  0  0  2  #  0  0  0  0  0  0  0  0  0  0  0  0  0  #  0  2  #  #  0  0  0  0  0  0  2  4  #  0  0  0  0  0  0  0  0  0  0  #  0  0  0  0  0  #  0  0  0  0  0  0  0  0  0  0  0  0  0  0  0  0  0  0  0  0  0  0  0  0  0  0  0  0  0  0  0  0  0  0  #  #  #  #  2  0  0  #  2  0  #  0  0  0  #  #  0  0  0  0  0  0
  0  0  0  0  0  0  #  0  #  0  0  0  0  0  0  0  0  #  0  0  #  #  0  0  0  0  0  0  0  0  0  0  0  0  0  #  0  0  0  0  0  0  0  0  0  0  #  0  0  0  0  0  0  0  0  2  #  2  #  0  #  #  0  0  0  0  0  0  #  0  0  0  0  0  0  0  0  0  0  0  0  0  0  0  0  0  0  0  0  0  0  0  0  0  0  0  0  #  0  0  0  0  #  0  0  0  0  0  0  0  0  0  0  0  0  0  0  0  0  0  #  #  0  #  2  0  0  0  0  0  0
  0  #  0  0  0  0  2  #  0  0  0  #  0  0  0  0  0  0  0  #  .  #  0  0  0  0  0  0  0  0  0  0  0  0  0  0  0  0  0  0  0  0  0  0  0  0  #  0  0  #  0  #  0  0  0  0  0  0  0  0  2  #  #  0  0  0  0  0  0  0  0  0  0  0  0  #  0  0  0  0  0  0  0  0  0  0  0  0  0  0  0  0  0  0  0  0  #  .  #  #  0  0  #  0  0  0  0  0  0  0  0  #  0  0  0  0  0  0  0  0  #  2  0  #  2  0  0  0  0  0  0
  0  0  0  0  0  0  2  #  0  0  #  0  0  0  #  0  0  0  0  2  #  0  0  0  0  0  0  0  0  0  0  0  #  0  0  0  0  0  0  0  0  0  0  0  0  #  0  0  0  2  #  .  #  0  #  0  0  0  0  0  0  0  0  0  0  0  0  0  0  0  0  #  0  0  0  0  0  0  0  0  0  #  0  0  0  0  0  0  0  0  0  0  0  0  0  0  0  #  2  2  #  #  2  0  0  0  0  0  0  0  0  0  0  0  0  #  0  0  0  0  #  2  0  0  0  #  #  0  0  #  0
  0  0  0  0  0  0  #  0  0  0  0  0  #  #  0  0  0  #  #  2  #  0  0  0  0  0  0  0  0  0  #  0  0  0  #  0  0  0  #  0  0  0  0  0  0  2  #  0  0  2  4  #  0  0  2  #  0  0  #  0  0  #  #  0  #  0  0  0  0  0  0  0  0  0  0  0  0  0  0  0  0  0  0  0  #  0  0  0  0  0  0  0  0  0  0  0  0  0  0  #  #  2  2  0  0  0  0  0  #  0  0  0  0  0  0  0  0  0  0  0  0  0  0  0  0  0  0  0  0  #  0
  0  0  0  0  #  0  0  0  0  0  0  0  0  0  0  0  0  0  0  0  0  0  0  0  0  0  0  0  #  0  0  0  0  0  0  0  0  #  2  #  0  0  0  0  0  0  0  0  0  2  #  0  0  0  2  #  0  #  #  0  #  0  0  0  0  0  0  0  0  0  #  0  0  0  0  0  0  0  0  0  0  0  0  #  2  0  0  0  0  0  0  0  0  0  0  0  #  0  0  0  0  0  0  0  0  0  0  #  2  0  0  0  0  0  0  0  0  #  0  0  0  #  #  0  0  0  0  0  0  0  0
  0  #  0  0  0  0  0  0  0  0  0  0  0  0  0  0  0  0  0  0  0  0  0  #  0  0  0  0  0  0  0  0  0  #  0  0  #  0  0  0  0  0  0  0  0  0  0  0  0  2  2  #  0  0  0  0  0  2  #  0  0  0  #  0  0  0  0  0  #  0  0  0  0  0  0  0  0  #  #  0  0  0  #  2  2  0  0  0  0  0  0  0  #  0  #  0  0  0  0  0  0  0  0  0  0  0  #  2  2  0  0  0  #  0  0  0  0  0  0  0  0  0  0  0  0  0  #  0  0  0  0
  0  #  0  #  #  0  0  0  0  0  #  0  0  #  0  0  0  0  0  0  0  0  0  0  0  #  0  0  #  0  #  0  0  0  0  0  0  0  0  0  0  0  0  0  0  0  0  0  0  0  0  0  0  0  0  0  0  0  0  0  0  0  0  0  0  0  0  #  2  0  0  #  0  0  0  0  0  0  #  0  0  0  0  0  0  0  0  0  0  0  #  0  0  0  #  0  0  0  #  0  0  0  0  0  0  0  0  0  #  0  0  0  0  #  0  0  0  0  0  0  0  0  #  0  0  0  0  0  0  0  0
  0  0  0  0  0  0  0  0  0  0  0  0  0  0  0  #  0  #  0  0  0  #  0  0  0  0  0  0  0  0  0  0  0  0  0  0  0  #  0  #  0  0  0  0  0  0  0  0  0  0  0  0  #  #  0  0  0  #  0  0  0  0  0  0  0  0  0  #  2  0  0  0  #  0  0  #  0  0  0  0  0  0  0  0  0  0  0  0  0  0  0  0  0  0  0  0  0  0  0  0  #  0  0  0  0  0  0  0  0  #  0  0  0  0  #  0  0  0  0  #  0  0  0  0  0  0  0  0  0  0  0
  0  0  0  0  #  0  0  0  0  #  0  0  0  0  0  0  0  0  0  0  0  0  0  0  0  0  0  0  0  0  0  #  0  0  0  0  #  0  0  #  0  0  0  0  0  0  0  0  0  0  0  0  0  0  0  #  0  0  0  0  0  #  0  0  0  0  0  0  0  0  0  0  0  0  0  0  0  0  0  0  0  0  0  0  0  0  0  0  0  0  0  0  0  0  0  0  #  0  0  0  0  0  #  0  0  0  0  0  0  0  0  0  0  0  #  0  0  #  0  0  0  0  0  0  0  0  0  0  0  #  0
  0  0  0  0  0  0  0  0  0  0  0  0  #  #  0  0  0  0  0  0  0  0  0  0  0  0  0  0  0  0  0  0  0  0  0  0  2  #  0  0  0  0  0  0  0  0  0  0  0  0  0  0  0  0  #  0  0  0  #  0  #  0  0  0  0  0  0  0  0  0  #  0  0  #  0  0  0  #  0  0  0  0  0  0  0  0  0  0  #  0  0  0  0  0  0  0  0  0  0  0  0  0  0  #  0  #  0  0  #  0  0  0  0  0  0  0  #  2  0  0  0  0  0  0  0  0  0  0  0  0  0
  0  #  #  0  0  0  0  0  0  0  0  0  0  0  0  0  0  0  0  0  0  0  0  0  0  0  0  #  0  0  0  0  0  0  0  0  #  0  0  #  0  0  #  #  0  0  0  0  0  0  0  0  0  0  0  0  0  0  #  0  0  0  0  0  0  0  0  0  #  0  0  0  0  0  0  #  0  0  0  0  0  0  0  0  0  #  #  0  0  0  0  0  0  0  0  0  0  0  0  0  0  0  #  2  #  2  0  0  0  0  0  #  0  0  0  0  0  0  #  0  0  0  0  0  0  0  0  0  0  0  0
  0  0  0  0  0  #  #  0  0  0  0  #  0  0  0  0  #  0  0  0  0  #  0  0  0  #  0  2  #  0  #  0  #  0  0  0  #  0  0  #  0  #  6  #  #  0  #  0  0  0  0  0  0  0  0  0  0  0  0  0  0  0  0  0  0  0  0  0  0  0  #  0  0  0  0  0  0  0  0  0  0  0  0  0  0  #  2  0  0  0  0  #  0  #  0  0  0  0  0  0  0  0  0  0  0  0  0  0  0  0  0  0  0  0  #  0  0  0  0  #  0  0  0  0  0  0  #  0  0  0  0
  0  0  0  0  0  0  0  0  0  0  #  2  #  0  0  0  #  #  0  0  0  0  0  0  0  2  #  2  2  #  0  0  2  #  0  0  0  0  0  0  0  2  4  #  0  0  0  0  0  0  0  0  0  0  0  0  0  0  0  0  0  0  #  0  #  0  0  0  0  0  #  0  0  0  0  #  0  0  0  0  0  0  0  0  0  0  #  0  0  0  0  0  0  0  0  0  #  0  0  0  0  #  0  #  0  0  0  0  #  0  0  0  0  0  #  #  0  #  0  #  0  0  0  0  0  0  0  #  0  0  0
  0  0  0  0  0  0  0  0  0  0  0  0  0  0  0  0  0  0  0  0  0  0  0  0  0  0  0  0  0  0  0  0  2  2  #  0  0  0  #  0  0  2  2  #  #  0  0  0  0  0  0  0  0  0  0  0  0  0  0  #  #  0  0  0  0  0  0  0  0  0  0  0  0  0  0  0  0  0  0  0  0  0  #  0  #  0  #  0  #  0  0  0  0  0  0  0  0  0  #  #  0  0  0  0  0  0  0  #  #  0  0  #  0  0  0  0  0  #  0  0  0  #  0  0  0  0  #  2  0  0  0
  0  0  0  0  0  0  0  0  0  0  0  0  0  0  0  0  0  0  #  0  0  0  0  0  0  0  0  0  0  #  0  0  0  0  0  0  0  0  #  0  0  0  0  0  0  0  0  #  0  0  0  0  0  0  0  0  0  0  0  0  0  0  #  0  #  0  0  0  0  #  0  #  #  0  0  0  0  0  0  0  0  0  #  0  0  0  0  0  0  0  #  #  0  0  0  0  #  #  2  2  0  0  0  0  0  0  0  #  #  0  0  0  0  0  #  0  0  0  0  #  #  2  0  0  #  0  0  0  0  #  0
  0  0  0  0  0  0  0  0  0  0  0  0  0  #  0  0  0  0  0  0  0  0  0  0  0  0  0  0  0  #  0  #  0  0  0  0  0  0  0  0  0  0  0  0  0  0  0  0  0  0  0  0  0  0  0  0  0  0  0  #  0  0  0  0  0  0  0  0  #  2  0  0  #  0  0  0  0  0  0  0  #  #  2  0  #  #  0  0  0  0  0  0  0  0  0  0  0  0  0  0  0  0  0  0  0  0  0  0  #  0  #  0  0  #  2  0  0  0  0  #  2  2  #  0  0  0  0  0  0  0  0
  0  0  0  0  0  0  0  0  0  0  0  0  0  2  #  #  0  0  0  0  0  0  0  0  0  0  0  0  0  0  0  0  0  0  0  0  0  0  0  0  0  0  0  0  0  0  0  0  0  0  0  0  0  0  0  0  0  0  0  0  0  0  0  0  0  0  0  0  #  2  0  0  0  0  0  0  0  0  0  0  0  0  #  0  0  0  0  0  0  0  0  0  0  0  0  0  #  0  0  0  0  #  0  0  #  0  0  #  2  #  2  #  0  0  0  0  0  0  0  0  0  0  0  0  0  0  0  0  0  0  0
  0  0  0  0  0  0  #  0  0  0  #  0  0  0  0  0  0  0  0  0  0  0  0  #  0  0  0  0  0  0  0  0  0  0  0  #  0  0  #  0  0  0  0  0  0  0  0  0  0  0  0  0  0  0  0  0  0  0  0  0  0  0  0  0  0  0  0  0  0  #  0  0  0  0  0  0  0  0  0  0  #  0  0  0  0  0  0  0  #  0  0  0  0  #  0  0  #  0  0  0  #  #  #  0  #  0  0  0  0  0  0  0  0  #  0  0  0  0  #  0  #  0  0  0  0  0  0  0  0  0  0
  0  0  0  #  #  0  0  0  0  #  0  0  0  0  0  0  0  0  #  0  0  0  #  2  #  0  0  #  0  0  0  0  0  0  0  0  0  #  .  #  0  0  0  0  0  0  0  0  #  0  0  0  0  0  0  0  0  0  0  0  0  0  0  0  0  0  0  0  0  0  0  0  0  0  0  0  0  0  0  0  0  0  #  0  0  0  0  0  0  0  0  #  0  0  0  0  #  0  0  0  0  #  2  0  0  0  0  0  0  #  0  0  0  0  0  0  0  0  0  0  0  0  0  0  0  0  0  0  0  0  0
  0  0  0  0  0  0  0  0  0  #  0  0  #  0  0  0  0  0  0  0  0  0  #  0  0  0  0  #  0  0  0  0  0  0  0  0  0  2  #  0  0  #  0  0  0  0  0  0  0  0  0  0  0  #  0  0  0  0  0  0  0  0  0  0  0  0  0  0  0  0  0  0  0  0  0  0  0  0  0  0  0  0  0  0  0  0  #  #  0  0  0  0  0  0  0  0  0  0  0  0  0  0  0  0  0  0  0  0  0  0  0  0  0  0  0  #  0  0  0  0  0  0  #  0  0  0  0  #  0  0  0
  0  #  0  0  0  #  0  0  0  0  0  0  0  0  0  #  0  0  0  0  #  0  0  0  0  #  0  2  #  0  #  0  0  0  0  0  0  0  0  0  0  0  0  0  0  0  0  0  0  0  0  0  0  0  0  #  0  0  0  0  0  0  0  0  #  0  #  0  0  0  0  0  0  0  0  0  0  #  0  0  0  0  #  #  #  0  0  #  0  0  0  0  0  0  0  0  0  0  0  0  0  0  0  0  #  0  #  0  0  0  0  0  #  0  0  0  0  0  0  0  0  0  0  0  0  0  0  #  0  0  0
  0  0  0  0  0  0  0  0  0  0  0  0  0  0  0  0  0  0  0  0  0  0  0  0  0  0  0  #  0  0  0  0  0  0  0  #  0  0  0  0  0  0  #  0  0  0  #  0  0  0  #  0  0  0  #  #  0  0  0  0  0  0  0  0  0  0  0  0  0  0  0  0  0  0  0  0  0  0  0  0  0  #  2  2  2  #  #  2  0  0  #  0  0  0  0  0  0  0  #  0  0  0  0  0  0  0  0  0  0  #  0  0  0  0  0  0  0  0  0  0  0  0  0  0  0  0  0  0  #  0  0
  0  0  0  0  0  0  0  #  0  0  0  0  #  0  0  0  0  0  #  0  0  0  0  0  0  0  0  2  #  0  0  0  0  #  0  2  #  0  0  0  0  0  0  0  #  0  0  0  0  0  0  0  0  #  #  0  0  0  0  0  0  0  0  0  0  0  0  0  0  0  0  0  0  0  0  #  0  0  0  0  0  0  0  0  0  0  0  #  0  0  0  0  0  0  0  0  0  0  0  0  0  0  #  0  0  0  0  0  0  0  0  0  0  0  0  0  0  0  #  0  0  0  0  0  0  0  0  0  0  0  0
  0  0  0  0  #  0  0  0  0  0  0  0  0  0  0  0  #  #  0  0  0  0  0  0  #  0  0  2  4  #  0  0  0  #  0  0  0  0  0  0  0  0  0  0  #  0  0  0  0  #  0  0  0  0  0  0  0  0  0  0  0  0  0  0  0  0  0  0  0  0  0  0  0  0  #  2  0  0  0  0  #  0  0  0  0  0  0  0  0  0  #  #  0  0  0  0  0  0  0  #  0  0  0  0  0  0  0  0  0  0  0  0  #  0  0  0  0  0  0  0  #  0  0  0  0  0  0  0  0  0  0
  0  0  0  0  2  #  0  0  0  0  0  0  0  0  0  #  0  0  0  0  0  0  0  0  0  0  0  2  #  #  #  #  0  0  0  0  0  #  0  0  0  0  0  0  0  0  0  0  0  2  #  0  #  0  #  0  0  0  0  0  0  0  0  0  0  0  0  0  0  0  0  0  0  #  4  2  0  0  #  #  2  0  #  0  0  0  #  0  0  0  0  #  0  0  0  0  0  0  0  0  0  0  0  0  0  0  0  #  0  0  0  0  0  0  0  0  0  0  #  0  0  0  0  0  0  0  0  0  0  0  0
  0  0  0  0  0  0  0  0  0  0  0  0  0  0  0  0  0  #  0  0  0  #  0  0  0  0  0  2  2  2  #  0  0  0  0  #  0  2  #  0  0  0  #  0  0  0  0  0  0  0  0  0  #  0  0  0  0  0  0  0  #  0  0  0  0  0  0  0  0  0  0  #  #  2  2  2  0  #  2  2  2  0  0  #  0  0  0  0  0  0  0  0  0  0  #  0  0  0  #  0  0  #  0  0  0  0  0  #  0  0  0  0  0  0  #  0  0  0  0  0  0  0  #  0  0  #  #  0  0  #  0
  0  0  0  0  0  0  0  0  0  0  0  0  0  0  0  0  0  0  0  0  0  0  0  0  0  0  0  0  0  0  0  0  0  0  0  0  0  0  0  0  0  0  0  0  0  0  0  0  0  0  0  0  0  0  0  0  0  0  0  0  0  0  0  0  0  0  0  0  0  0  0  0  0  0  0  0  0  0  0  0  0  0  0  0  0  0  0  0  0  0  0  0  0  0  0  0  0  0  0  0  0  0  0  0  0  0  0  0  0  0  0  0  0  0  0  0  0  0  0  0  0  0  0  0  0  0  0  0  0  0  0
